0.05063116524934111
0.05198396267674247
0.051040414321350015
0.05209802932606346
0.051131902356324255
0.051453156932957336
0.051825624388219485
0.05153067680026686
0.05157727373137371
0.051878460386880425
0.05088214008865449
0.05179836266847102
0.0508195131096428
0.05124550195427928
0.052460796341830526
0.051116935452852216
0.0515575046959898
0.05118741197404431
0.05177875578837809
0.05113553692936053
0.051143911093697716
0.051130631358073705
0.05155213687563327
0.050626284894851575
0.051406796308692174
0.051562262576513515
0.05032307562515065
0.052556283613479915
0.05107881698208317
0.051180109948837774
0.050869039519989036
0.050809074084595084
0.05143482355568448
0.05147079205205927
0.051473792384635814
0.05165244909950944
0.05108134324028297
0.05163464120218469
0.05168305045035003
0.051116935452852216
0.05148175528544981
0.05063370582579422
0.05142328016552678
0.051167126169724776
0.05240727193746527
0.051354627623612155
0.051526857463828804
0.05119454063324686
0.05269231372144847
0.0516624942763099
0.051756060978940234
0.05105843636243388
0.05280712155245977
0.05160422438204142
0.0517942515631235
0.05177680339983064
0.05120666350929403
0.05112728660467787
0.05170851696361919
0.05064559124782712
0.051723862879794684
0.05129157372408333
0.050896459512947356
0.05097154431369326
0.051136364988209004
0.05256836254521302
0.05054715399307369
0.05154474341203286
0.05132583364990995
0.05109803085283536
0.05085170322290365
0.05095275659643098
0.05065825794963271
0.05339183128100079
0.051868006972114765
0.05120637720377134
0.05119460949921145
0.05096027092615131
0.05189790300932674
0.05079125346223771
0.050799824820268694
0.0511258291775665
0.05131977215731916
0.05146070439436947
0.05179561517334801
0.05165895414916914
0.052388952859965254
0.05121999297415495
0.05251092633768265
0.05121612393444107
0.05093509830010638
0.05030501415870766
0.051758402089375766
0.052804955246628336
0.05048543826252771
0.052444348879377364
0.05054409310001169
0.051303207446351404
0.05177408177456379
0.051136059302492834
0.05160032548705622
0.05159091805627616
0.051313742997666084
0.05095203962302433
0.052039575052085014
0.05034417523340078
0.05187126352884529
0.051711129464290864
0.050776017322638
0.05134980438752505
0.05086280476186979
0.05172827480902488
0.05117460834624424
0.051091303141945446
0.05049145821030134
0.051225096204436965
0.05197331456452419
0.05119258726831772
0.05156459203743384
0.0513323452649099
0.05139622136163752
0.051020092956887086
0.051569012050336496
0.0522378262796069
0.04970423512453538
0.05034900949276186
0.05227692206501555
0.05150059913561947
0.050852663748788635
0.05139183952017879
0.05072753344164253
0.051038144751675986
0.050644230377478665
0.05177426485495305
0.05136409648203218
0.05134977462684801
0.05040684546006518
0.0514082843556827
0.051689786846019076
0.05212784858641415
0.052108078349772526
0.05200528960193782
0.050467611731439314
0.05077630273914356
0.05118924357173192
0.05298717429740447
0.051894895786655335
0.05137066605721664
0.05236040735344507
0.05105413906255619
0.051730487614085614
0.051365789801934306
0.051766199099495154
0.05125405997588414
0.05105835528204673
0.0509589519889114
0.05090357465067232
0.05192758428583461
0.051231552866196996
0.05282824114273364
0.051283673366532154
0.051319466810952126
0.05304883957770949
0.05219211947042115
0.051672486265762055
0.051242781581593774
0.05063356322639236
0.05081872771593839
0.05024776173678517
0.05166196403406339
0.05145165107245411
0.05195187112019257
0.05124245149934721
0.051400707157361156
0.05159455018812696
0.052000079835568105
0.05181547253071946
0.05028112562478414
0.050751638929973704
0.051864442650622115
0.051544560821621115
0.05134981949028589
0.052063500966449856
0.050514001602743844
0.05240104749379689
0.052477805984318775
0.05099248561167252
0.05102764331499764
0.05105592386192769
0.05190931203981369
0.051044639566888546
0.051879432482809566
0.051490114493704955
0.05040846453771196
0.05118943151074203
0.05029479069346272
0.0526921313009023
0.05153699579350687
0.051096947074302984
0.05162383864892339
0.051703919433361015
0.05085250439071896
0.053058042045446424
0.051438405141173475
0.050868207596828016
0.05150892279022612
0.051266187026884416
0.050586647084088214
0.05141938683236804
0.051735854139225976
0.051596899960793544
0.05180978315271054
0.05125205255370295
0.05100613364016934
0.05146522637030261
0.051719000997972574
0.05059634430741214
0.050354514250253515
0.05023352387416726
0.051432915314608856
0.05180302835994236
0.0511734644714757
0.05216100109218622
0.05114275686731953
0.052242251566530125
0.050749368937030435
0.05057895409824414
0.051343533172439434
0.05010708004354339
0.051018938604269884
0.05144383410145411
0.05222562759836815
0.05059537567305209
0.051527069561695824
0.05227788386021268
0.05121808919213177
0.05116222392851542
0.050131578801544056
0.05087275420546774
0.05165147250585291
0.05132228229531049
0.05081466351100105
0.050839282298015515
0.051028762815981364
0.051226389724203944
0.05110194352161406
0.05223238877082728
0.0509664389322914
0.05148095388268127
0.05110196519415998
0.051621450168065235
0.050899833365724574
0.05168377565673769
0.05122310940333401
0.051602694582233835
0.051796496987597446
0.05159027458468718
0.05088607906816799
0.05074432465315998
0.050754321003815134
0.051928691582626293
0.05091289026133965
0.05153673130157049
0.05158521044597247
0.05123282499703297
0.05116725990059258
0.05272561186920136
0.05114595462904875
0.05219519777908543
0.0511826585870076
0.05131308307225438
0.05172143960824252
0.051009298669066415
0.051449799583153086
0.05122076998926835
0.051444132246439574
0.05182207449384064
0.05122789468988896
0.05197398641776636
0.051427620299775594
0.051757010377226846
0.05063608774210709
0.05133765022398356
0.05126841368025043
0.05168469879869188
0.05171105191146412
0.051902243189900985
0.05129227430202511
0.051244226891948234
0.051638093518549796
0.05107292296188842
0.05057840874553386
0.05105963609494835
0.05306272553747854
0.05253096924456989
0.05084046010730131
0.05057003437290295
0.05129160149686912
0.05034830177582264
0.05160632085134118
0.05104175796246749
0.052514131790346134
0.05123213069038647
0.050523843988343996
0.050062260898002885
0.05058309594401342
0.05109394291825442
0.05099511630698506
0.05127020134278653
0.05075722427262124
0.05177326831396757
0.05013681004947377
0.05183975437194548
0.05073382738106218
0.051225249041178304
0.05259920222893
0.05030760034153323
0.05150145887948738
0.051682246885126876
0.05103995898542271
0.05140295897833654
0.051546216977905936
0.051559138063217914
0.05105196507652025
0.0510513972841143
0.051049663902127076
0.05151534026224546
0.050817902399699494
0.051600036779321116
0.05167267263979368
0.051618158341783356
0.051895805869229365
0.05090723314171989
0.051837488318235654
0.05143972248827172
0.0507239798283035
0.05169711872057243
0.052449168777168056
0.05173666795841729
0.051549697290388705
0.05149337910051187
0.05060158915461485
0.05259498628954368
0.052327403932529895
0.0519128665701238
0.05089012061826017
0.0515929811979231
0.0514290974091555
0.05111150824775704
0.051536828931767316
0.051048967241443116
0.05109949637092995
0.0514704478431822
0.05103021349317667
0.051451084863911596
0.0506644163451399
0.051863116976714405
0.05211203658662467
0.0516644482301546
0.050444415825525245
0.05182852824640359
0.05107682737815229
0.05167682814147749
0.051458960008099235
0.05151143486771146
0.05058607552943988
0.050757424979019576
0.05104571864258197
0.05155038402303859
0.052399301163205354
0.05212429838348614
0.05092756172595146
0.051281455638520226
0.05126564574527129
0.05173258317011867
0.05082954953129827
0.05168955518070482
0.050536116304656084
0.05117788790810344
0.051432659868746164
0.05131365468287389
0.052228369756247284
0.05303905463321544
0.05006312024730041
0.051730018016295606
0.05085161657445887
0.050464994585650166
0.05150016642566338
0.053003023618066664
0.05106462014074986
0.052017967055283
0.05244761576952131
0.05091973764826486
0.05097156230143826
0.051202000685089594
0.05271327405477056
0.0532521642175168
0.05223447219421513
0.05096373171380379
0.05087071915797857
0.051322566722542845
0.05042951705384364
0.0504332105263561
0.05145055945831865
0.05051187117572699
0.05127042152137606
0.051148147792642915
0.05148799224765555
0.050618114833771245
0.05244725606030895
0.051550774937008874
0.051430041492211816
0.05176596775147064
0.05165611921682545
0.050795135207960786
0.051222825018320144
0.05082298677085927
0.050704156450162366
0.05128676665931498
0.05075448032709158
0.05044682196826131
0.05205729202239732
0.0515118722523952
0.05107248168589656
0.051211503797085174
0.05180702783710577
0.050524570789936066
0.0516688777524135
0.05258624691391868
0.05137201084527623
0.05068252038103235
0.05159935011369788
0.05046462154553536
0.05136902390970156
0.05108011425828528
0.051349690300306436
0.051551069404503984
0.051397009525243696
0.052136578104885534
0.050599101651201926
0.05173745980283274
0.05091436285786622
0.05206030074823538
0.05211954677739092
0.05107824518003891
0.051032597784276004
0.0515763061228884
0.052001345498549775
0.05303621074811225
0.05251214534097696
0.05204953333395136
0.053475118474599924
0.0523037299750447
0.051398747175795595
0.05115167024759226
0.05084514457895442
0.05016837815532705
0.05086187686674352
0.05105753880930618
0.051083993270798364
0.05086973540083363
0.05062140266816823
0.05153079952319924
0.051044962968212614
0.052759673998751866
0.05167164143967877
0.051849043671705945
0.05075349723254053
0.051700230542395274
0.05143069458413708
0.050830012074023996
0.0516088502018669
0.05070848625040586
0.05198051458590446
0.05109825637018977
0.05165314559400083
0.052266440733379146
0.051802395130934216
0.05228743782376868
0.05114327150735207
0.05244067071267868
0.052130833653780496
0.050812288993952306
0.051008928993834336
0.05211373161197273
0.052447197271381786
0.0505028719765585
0.05129233705671445
0.051630579282002216
0.051653795118466996
0.05089791000345261
0.05034724793290544
0.051808255278721675
0.05017064964349649
0.05115922065599047
0.050892854007416236
0.05110451150597426
0.05168775966742352
0.05143057616678425
0.051391134193864096
0.0520182618250344
0.05261720177857923
0.05174801714812649
0.05095289532718525
0.052465874055578836
0.05228477335464228
0.050916374888785434
0.05182368912615263
0.05105408333424403
0.05214024490331102
0.05168193440428149
0.051506197059945844
0.051715626471005166
0.05131558154023147
0.05175261671533714
0.05276765457018713
0.051477652741298105
0.05029448052289622
0.050955551763814826
0.05147486099672692
0.051890181415142574
0.05161661121951137
0.05050956254862496
0.05099148954452076
0.051166670646478556
0.05089947090765659
0.05151404000493824
0.051139014767288944
0.05083494676673184
0.05029789555905828
0.051425147805995754
0.05142923925249923
0.05098783485899313
0.05163371933151587
0.051416644273250954
0.05205563369231424
0.052313473074832896
0.05156388091399229
0.05160847228008355
0.05081464134410723
0.05157726466724393
0.05125518247626189
0.052209582190341164
0.05187593120969491
0.05246139943119821
0.052577840964907384
0.05165797299796598
0.052638615628943855
0.052907194602552075
0.05256949765033187
0.0515881417165877
0.05136679073016785
0.05138338243667308
0.05169307554645838
0.05091278620211565
0.053449180280002825
0.05367701186703725
0.050836150570923395
0.050553194998906426
0.0511701834810269
0.05301678934277557
0.05321527413151801
0.054139340394847184
0.0513771868102843
0.05042690335898731
0.0501892237250718
0.051326572762587286
0.052327685536025355
0.05591710613832223
0.05292533437657446
0.050152173430439866
0.051705504700484906
0.050821368510373506
0.05315225739147587
0.05075575309128158
0.0514356701170672
0.05275777374735801
0.05037183611914027
0.05103926586620194
0.04930444316967089
0.05333426467657279
0.05465722422556792
0.051817718585427545
0.05066027377622262
0.05008476562123754
0.05175722245268423
0.050778900101340695
0.0534354359951805
0.053651672052250916
0.05259510708450289
0.051900302944779736
0.050722497879877565
0.051460681185259954
0.05087651847578551
0.05279026423240883
0.053832048771306894
0.054335822481582176
0.05444795429306887
0.05205083383147011
0.0518579050176092
0.05087509731149114
0.05238054944690537
0.05244598720270521
0.05280296494879275
0.05073047783821323
0.05052962449217321
0.05087268144762243
0.05029507977823356
0.05370157524145548
0.054099015275977665
0.05257622011919624
0.0509868331489718
0.05094069525980179
0.05141227387471122
0.051327306476133504
0.053844334127707144
0.05456930774359332
0.053918749846691746
0.0517077692603147
0.04958356676078484
0.05087546561899234
0.050702003308248735
0.05440772138012783
0.05214607901176319
0.05113255561086475
0.05122442968485595
0.051536902056049834
0.05044790607463853
0.0502192352873921
0.0512872159151121
0.0518799743324932
0.050859527374151246
0.051964824764177256
0.051551706712241296
0.05162725710559077
0.05053574562533049
0.05263102884374755
0.05152483230123641
0.05102814305999845
0.0515927852355092
0.05224346346113227
0.051482135886764376
0.051294355407048374
0.0513507973066962
0.050764446437233435
0.05130670156419276
0.05164736920271148
0.050627032374158526
0.0509767637401702
0.05114288554391465
0.051244552987691955
0.05061761643327208
0.05172152778564534
0.05144135443898477
0.051259992279811394
0.05143199429645413
0.05129129055465769
0.0508111412776679
0.05160370791767573
0.051059182219019526
0.05095078875046643
0.05081788636277523
0.050940555122052596
0.05178027602648411
0.051041540254127105
0.05148848390262416
0.05025528900254344
0.051430691078737746
0.051785715398595535
0.05186909359568594
0.05206486164343875
0.051858248220392436
0.05171534942196101
0.051910821059130946
0.050724345063212016
0.050432703800510424
0.05081539555782585
0.05234738690191757
0.051373347904068195
0.05107197580966879
0.051908640072860245
0.051473529876134884
0.0501427280573055
0.05119738906275953
0.05065332433381151
0.0517666660794698
0.05085636872905536
0.05040112400503026
0.05178499819218451
0.05213914765579303
0.05163768822078256
0.05327578654109962
0.05187753215011142
0.050506589892973214
0.05117568615809807
0.050783769641758326
0.05313731919881321
0.05483390626367212
0.05028451581275314
0.05137776529413624
0.0515086493203282
0.05031514382113035
0.05056728224482166
0.05048405491984002
0.05114112395700209
0.051480421350439926
0.05174343501058304
0.05110477679931384
0.052162298518211324
0.0516915327680721
0.051946242922316234
0.0518083305236798
0.05184242239644566
0.05143404369154293
0.05134591061339274
0.05078682975882895
0.050965522058926564
0.051313753227759294
0.05013133846438298
0.051386886066074854
0.05112200412928154
0.05069339932707243
0.05076474304031259
0.05143559633414403
0.05124060134032355
0.05125621364961949
0.05077115450824577
0.05117932420840814
0.051309888867374136
0.0520322614797357
0.05199844304688366
0.05144602042244227
0.05101569474544489
0.051183118355829504
0.0518159439900886
0.05081514784145107
0.05106288455892156
0.05080559642019465
0.052143944515995515
0.05148917852510772
0.051008329027896676
0.05152103608593239
0.051116935452852216
0.051116935452852216
0.05040301653270545
0.05139611303110222
0.052048586882189225
0.05106296942606175
0.05087748950862222
0.05100883551764802
