0.04956620123446139
0.04937846504511404
0.04898966210939268
0.049035693316960435
0.04945171832753879
0.04817644127405424
0.04829093192771633
0.04920874586004396
0.04905897885068935
0.04903239982099618
0.04919816204841332
0.04886001263401221
0.04970799460283414
0.05000129083995087
0.050142112309041004
0.04973016989942294
0.04918419577754965
0.04882934460979907
0.04797094418558734
0.0490922993210579
0.04851008327299561
0.04969490948675962
0.04947848744162953
0.04896589184201421
0.04825904353945093
0.04821746816080676
0.048828109796688966
0.050021181762985284
0.05028482154008105
0.04951966204264165
0.04755003237710124
0.04801206813396521
0.04845482453084812
0.04879340103376072
0.04897648255097096
0.04941067751582443
0.0500786145913581
0.050553148632234333
0.05058802354575022
0.05012312920797287
0.04999936722200914
0.04931833657165039
0.048451821150942855
0.049694052343766636
0.05003364196796976
0.04779050591046716
0.048000751564282865
0.04839927483606059
0.0482426031538398
0.04889193305453837
0.04954635210472707
0.04975524242466504
0.050164999155684356
0.04932226604493195
0.04811562772057506
0.04971255212261746
0.04986346650685941
0.049195607284523976
0.04956355197950838
0.048957019669975996
0.04964981568008065
0.049448767410957314
0.04959481146993958
0.04898884961233527
0.04838109762325208
0.048247721511668874
0.04835681233857452
0.04999681585342722
0.049543794888572724
0.04908903992636762
0.048491107810648935
0.04979244656132927
0.04923599224118268
0.04970796557691017
0.04889103184636387
0.048430161275747834
0.048817988513286045
0.049360454947935145
0.04994314243041124
0.05017092062565066
0.050412462976224634
0.049766426967414644
0.04867516996597415
0.049767223902685044
0.04951476975970748
0.04948615716690783
0.04964267445852903
0.050623297181908784
0.050471843726371785
0.04949965466133165
0.049315667992095566
0.048768557110392186
0.04985271396863852
0.04865609368712357
0.04863676844957684
0.04993157392186952
0.04940282825342187
0.04928252779488869
0.050257949291821195
0.04888875633327678
0.04941137416133976
0.04912324036691991
0.04958202395799008
0.04907992471765104
0.04946538620720869
0.048578849377840905
0.048939871868322014
0.04878071409245517
0.04865703466604988
0.049346174404662456
0.04945838856949968
0.048968363335942094
0.04860508136614065
0.05037506192491554
0.049424986466181195
0.04863149688915691
0.0489752215882683
0.04944788901726818
0.048485506277419724
0.04829323440344116
0.04857783902489749
0.04874344101915986
0.04871421634158766
0.048268697536658654
0.049002825499082296
0.04923564607279804
0.0484914237479871
0.04849871358650258
0.04834118173951251
0.048669430541481984
0.049105016218829636
0.0492778839165046
0.04848100674217207
0.04876444734805347
0.04848134106339591
0.04884734724046623
0.04872491359779008
0.048414541762908755
0.04911049837978055
0.048165849391094334
0.04782425514338733
0.04907873988040199
0.04935836800468862
0.04968924266707028
0.047842272777500944
0.048864698492322854
0.0479629140689885
0.047818286694912386
0.04871110414581421
0.04873723309718943
0.047392267521955384
0.04689664412857222
0.04796489623869609
0.047776034597251375
0.048617372778004216
0.048541171107037255
0.04950895489158556
0.04875589373514796
0.04831040437607879
0.04823862988415021
0.04945333591874787
0.04854867017022621
0.049230648694394016
0.04829192108703264
0.048379971954968196
0.04821016312823481
0.04888509749753436
0.04997202578399244
0.04759071763957529
0.04877604147086373
0.04705086720087475
0.04777680467737225
0.04614621200179685
0.046022628958569935
0.050487206770779954
0.04891311585708794
0.04827462323661411
0.04755351728963315
0.04830738210248838
0.0492233420384865
0.04855892680260098
0.04949436981260467
0.04837191673225603
0.045070626556731226
0.044164303859403335
0.04735567593620962
0.04739215162433968
0.04873195370194978
0.047619255826408656
0.04685260390162271
0.04804973967011075
0.04718765604171791
0.04834418524248107
0.04983196194030789
0.04682661986229416
0.0466335498244516
0.046168328881655646
0.04547586641226812
0.046428791710517794
0.04856581407654922
0.04974670961335079
0.04770679380774987
0.04635360195675708
0.04779395472904159
0.04684857516271078
0.04792606190841551
0.04732303005121415
0.047994680719911004
0.04901750280883748
0.049458415228984004
0.049389668225067095
0.04853972580881383
0.050437221920473715
0.04885088637496583
0.048111258611006215
0.04807197566503572
0.047993141121519874
0.04857614912207929
0.04853579756991476
0.04843355959838563
0.04802545992958789
0.046679228720929014
0.04755877765845333
0.04816608792800963
0.048898217035112004
0.048344761212973
0.047314161171656516
0.04822327584445485
0.04851685856015255
0.04271237127718147
0.04323560648413201
0.04936332824401613
0.047657706308741866
0.047408652424153895
0.04733057715734079
0.046849591055663525
0.04736933889002642
0.048153873309278596
0.04920852078597491
0.04565714073580827
0.046405159708878395
0.047655478506250924
0.048169348772554146
0.047598627035543274
0.05047112006441733
0.04790082606703442
0.04639501041482221
0.04812094488111795
0.047232986320980296
0.04469397424053778
0.04507145752185123
0.04922092415097047
0.045044525266401146
0.042483779805819855
0.04318206915354293
0.046649605763999784
0.04574876102206128
0.04740934359225411
0.05018053653953783
0.048909402870448544
0.04579154126557773
0.046170414470541474
0.04778880102628705
0.04741567628722484
0.04782083102600212
0.046598504845035284
0.04536699837095203
0.04799246897024794
0.046883995746119504
0.04632688739842283
0.049441420377766075
0.04958749163333705
0.048073273849934456
0.047791613896802754
0.04705501660156708
0.048473528290002746
0.05031761062372456
0.04975102078506726
0.0469628593043633
0.046378248978254044
0.04666423614118887
0.04306448197696958
0.044169884278346436
0.048084751985027804
0.04975510630597392
0.04871468651487524
0.03891264679833514
0.03902877678931034
0.04687419931934553
0.047330418845133976
0.04735978732969717
0.04964191345518442
0.046992927666975895
0.025680977793629968
0.025349231267151294
0.04501639284044926
0.047063433537980176
0.04829453346590984
0.049478688225103644
0.04882633562106636
0.04631531567080529
0.046114977038205475
0.04607799082068364
0.0476484586166295
0.04928742351373689
0.04999109140838175
0.049848832440566045
0.04946752167988718
0.049113786852977834
0.04780752462858246
0.0476075354062211
0.04854917717173329
0.049756674278062824
0.05000346793888946
0.04805245234086121
0.04703069604547377
0.047576972530320956
0.04779154865006662
0.048332710717136566
0.049395864558143966
0.048605425283679
0.04832585498407873
0.04770742236948694
0.04668608679173246
0.046821220789894556
0.048490852641448035
0.04920050089834593
0.04955506351678869
0.04795315616300088
0.04787256414802316
0.047581588005845527
0.0486051906797256
0.04865152439060456
0.049356181087281625
0.04728232831950791
0.0455993459965922
0.04609643552900898
0.04527880171694056
0.04473024173633102
0.0477735812953571
0.04781030635174125
0.04650321386928875
0.046307853332603295
0.04529577583670665
0.04654867766202076
0.04856126856498787
0.049407873895299166
0.04787062415045481
0.04367731188941508
0.04377444919450487
0.04795287733358519
0.04780753910572918
0.04840959704317634
0.04860366087920104
0.04654641537729917
0.04645151870830142
0.04509694489312789
0.04536533311820599
0.04652938030265033
0.04837853899772477
0.04983794322232415
0.04494967998813868
0.0459558336554098
0.04558180916659809
0.045402015401569074
0.04642027617144227
0.046726917290379734
0.04633933497581307
0.0471069470404489
0.045202146055258484
0.044590048303897394
0.04835953614063264
0.04883587530911291
0.04694761500585529
0.046416795574281675
0.04772159961047014
0.04694302944611018
0.047299285567405584
0.047560357312519015
0.04937521518114088
0.009822789163736582
0.009931284797325354
0.04616122532012398
0.045984106926380115
0.04708389464296155
0.04853317054014629
0.05020419695235984
0.04583453306620851
0.04541955597714412
0.045188907555853815
0.04765726246440678
0.045896987770261674
0.04630974478450766
0.05021390217529647
0.04747690151980149
0.04528831722664078
0.04163816805528602
0.04122674759287943
0.04605546340793414
0.04583662712363553
0.05007499774575454
0.047629695854360526
0.047540602535152125
0.047555114935452315
0.045597485126456574
0.045627359264121765
0.047605580764817565
0.04965505928452179
0.03610075898570834
0.0375028859963842
0.047474771214543174
0.04597346984384324
0.0455863325845621
0.0479587399617298
0.04660399138651595
0.04561871581984809
0.04594845221664525
0.04089214647706447
0.042494882684535565
0.04771262939825639
0.05079814540734511
0.04587086467452015
nan
nan
0.045345350264669675
0.04527270843129317
0.048098041270637146
0.03948639663145073
0.039276658426065585
0.04128786378887979
0.04353919412887634
0.04798285207063619
0.04794035196367654
0.04876257259600306
0.044195898607132265
0.044767332405660734
0.04695603628429458
0.04595392432504231
0.04457520398907865
0.04674789134872859
0.05035916197630307
0.04765078201836166
0.047752600079159525
0.04668280533660156
0.04411437604252692
0.04528926382923608
0.04788633666719066
0.04847176285394897
0.04838198594605899
0.02850833325074107
0.028510319114795978
0.04398239924910755
0.044346665892104356
0.04761616612348051
0.05069798036862072
0.044817923621579756
0.044223806604318294
0.0471365068465138
0.04703800596488928
0.0471802770228339
0.049860109672126694
0.046182732991263735
nan
nan
0.04478843210979157
0.044388968163757044
0.04919725386966954
0.04819087794157356
0.04713688985910051
0.048182361522037545
0.048959380105901035
0.04870825725565268
0.04893551367008951
0.049834932373294116
0.04843330890291529
0.04711147805482776
0.04716711418183438
0.04797661284618328
0.04784616895291699
0.04831424373070742
0.04993324888594178
0.048439894976042806
0.04789399494435243
0.0485828274608109
0.048490324602653366
0.05001937047633249
0.04919285841208076
0.048741670876504564
0.04776199437456643
0.04922769276266786
0.048912057098330824
0.047498490218198644
0.04817568149947738
0.04806153757491768
0.04685722245493071
0.04847941674619723
0.047537370656367976
0.048487792094034254
0.04844174351049527
0.0485881683927868
0.04728310927222994
0.04257081004799203
0.04236567296935197
0.046009342035156234
0.0489247017025402
0.04962701221620941
0.048390780566230814
0.04784333086735435
0.04670767686527041
0.04657053783597626
0.04690800225205598
0.0482988703224614
0.04969341408925518
0.04229972151573046
0.04344511181754852
0.042423258338556126
0.042033569810903254
0.04872533919741873
0.04809552825923056
0.04747843717947235
0.04761687393487226
0.04722809825591384
0.047609434365074206
0.04762078046573027
0.04762869553665575
0.048314811974443275
0.04492129726058546
0.04572355030681156
0.04882665428311528
0.048252052303422624
0.04909936462304964
0.04945966304113217
0.04852814939056812
0.04557073519525517
0.04680197835074429
0.03648904414328175
0.03677152629300726
0.046638391894422856
0.04883580347975392
0.0477421355564138
0.04564317085658118
0.046315062829819086
0.04651702632965936
0.045154103544547235
0.04598312582373391
0.049426359320289256
0.04564089482626502
0.0438023875981488
0.045402805836959596
0.04664713579098169
0.04861673129756535
0.049895738669643
0.043451108107060356
0.043434127243959356
0.039444410113133654
0.04033079967781463
0.0442781355096485
0.046721387818940516
0.04994976905990894
0.039400509096800804
0.042002314851679226
0.04642343057686497
0.03057294693455355
0.028366180834342176
0.048458983454023524
0.04755878585453737
0.04333882180314564
0.040055748199793344
nan
nan
0.045744591762619614
0.04968125026751949
0.046095253102726406
0.044711036522680395
0.044145295001145314
0.04605200928190969
0.02901112459265585
0.027518866915073457
0.049846503615723334
nan
nan
0.04287685449555579
0.04116079751982825
nan
nan
0.04986965327512112
0.04280209231679931
0.04477146300267251
0.045826699560657526
0.04155954101332739
0.0424441961394991
0.0459798230255291
0.04988743568915843
0.028417856984800476
0.029937210579329084
0.026591428471407812
0.027706929838990733
0.04059860393237312
0.040843752251582946
0.04927474003605076
0.04444927416469015
0.04390225094957888
0.043534292555455545
0.04463348855473511
0.043808517929508795
0.04434223870775047
0.05012853033774479
0.04543742681238574
0.04588461606383847
nan
nan
0.04510881473508175
0.04866436374422141
0.05016916601941575
0.0416022315363523
0.041254672426330984
0.043074838628063404
0.03880881505078177
nan
nan
0.0503375270937127
0.0448858161053124
0.03765993113503349
0.03382842693929373
0.04494587062292821
0.04926780284105524
0.049866494974049304
0.050183738441090656
0.03992006694406648
0.03993211990073191
0.044021413344494977
0.044531669136087165
0.043709514087447
0.04817344705045563
0.050137117272246796
0.045743600642289155
0.04517191007349836
0.047101323318565314
0.04569105971077423
0.046430701911558236
0.04849064744305115
0.04990616665449717
0.04526841749348652
0.04412810165344576
0.04769314129374498
0.04546281481184512
0.045489504640137436
0.048458868157952424
0.05039043075132372
0.04908480026132597
0.04866671525792314
0.04821781587202816
0.04825616110637566
0.04898186551111338
0.049358232624452776
0.050581454777603764
0.04934073458800234
0.04694584989959917
0.04510283876123259
0.04777759636683664
0.047888473187743516
0.04801199672737511
0.04575908127907765
0.04511506957619903
0.04793600119007449
0.049063398524082834
0.05002770805019004
0.04849049593833724
0.02983022089684054
0.029776927271359905
0.04689763913305584
0.04647976234640769
0.04782766055862069
0.04920133540020552
0.044285143495158684
0.04348415003104261
0.045795826130364946
0.04635683888054988
0.04322394514453744
0.04353236846929765
0.049902990328676934
0.04740539247204995
0.046352662276062204
0.04698961941190081
0.04841186613161584
0.04808974759801789
0.049574968691918526
0.04949471538761782
0.045854414406370406
0.04674961753774552
0.03136705353291413
0.03273709427751903
0.018477113195906652
0.01783643770567406
0.04903816090434602
0.04435107122185277
nan
nan
nan
0.04750528213597664
0.047151895971272124
0.04731209855246765
0.049148225357369846
0.049090261545174395
0.049172781322899026
0.04905869052068567
0.049518375827020004
0.04942945563925321
0.049131900667116785
0.04877439481337692
0.04930652033089467
0.0499816472112074
0.049121404806245106
0.04767594605247776
0.04801167346152853
0.04914354430443928
0.05022262461484971
0.049647543437917344
0.046614387154005434
0.0474232753405811
0.04918551557438198
0.04871914364904278
0.04936641324775853
0.049521288339927944
0.049410205972733275
0.050588721733667914
0.0493353069616791
0.049426372863002326
0.049429395068663
0.04977221380588376
0.04903898066129813
0.04811675033679957
0.049145390491833606
0.050220342625609204
0.05029273827178565
0.04994334557444418
0.049800550174360046
0.05052572406993604
0.04973016989942294
0.049990393806212986
0.050050788715637125
0.049663366746936825
0.05037131793620062
0.05037131793620062
0.04967923270093533
0.04961361561062901
0.05000801248520074
0.05033746439496543
0.049670110440059236
0.04926784694935801
