0.04968086287627348
0.050344479855803675
0.050462407273952015
0.05005461924413107
0.05005022714393763
0.049796177232269874
0.050299519671520465
0.05011888025937483
0.04976102407494109
0.050181623975188924
0.05006453587800711
0.05004985195412577
0.050327760729087345
0.049538050020151686
0.05057040823255106
0.050159687779594994
0.04950533395667153
0.050125041501533914
0.050124001153426065
0.05047798095369348
0.0502973155766508
0.049936150357339254
0.049744424482483125
0.049790763594523495
0.05024158808011909
0.049737408913504394
0.049345925673077676
0.05042862007635983
0.0500764258336081
0.05091790608095861
0.049414448982597226
0.05044892969948341
0.049457146847891216
0.04940700449673435
0.04947897798569396
0.04980304709724486
0.049757556077194585
0.04952335428804763
0.05115037030960338
0.05070959736281508
0.049450413251771304
0.050219528158747286
0.05070823006381032
0.049619302758798854
0.04942470457964468
0.05030851899631142
0.04939016196109354
0.051209621156747945
0.05049779022162054
0.049499355343555686
0.0497894552368114
0.050198695385589784
0.049581104148102455
0.04949490224127827
0.04930826320725805
0.050039850891427796
0.04962057232114245
0.05019380730812251
0.05076871551554546
0.04965217965326725
0.049827600938647014
0.050438063259821975
0.050111519811468566
0.05041928273230116
0.04989266720076445
0.04999504065126737
0.04955650704002676
0.05064070146018058
0.0499759938341613
0.05000830944641556
0.05010573073923947
0.04970952085876966
0.04973144171592624
0.04940470086169403
0.05035406171874894
0.0500130937277116
0.050000615457931205
0.049329281671944614
0.05004044915875319
0.04985215754633309
0.0497586521217714
0.049951340865782436
0.0501583918356457
0.05041415738584584
0.0507225166642362
0.049928658387581294
0.04994822457636424
0.050273531027942575
0.05091933791256539
0.049674001156303056
0.04957078656906071
0.04955307328202093
0.0501063087982314
0.04964455822335825
0.05005296767346065
0.04985766339569111
0.05031454897308512
0.05042782963311019
0.04939310781760887
0.049351073820490456
0.04941333468929353
0.04989151299625489
0.04953597665470757
0.05022740049556859
0.0493590423260503
0.04957525241215516
0.04990849826413252
0.04967926428494599
0.04972640597386372
0.050920027110624794
0.05039550655223787
0.049619430355627527
0.049616600377749114
0.05013318701218465
0.050451052986149415
0.05010064980570228
0.0499061181121339
0.0505548902778049
0.05024702623632881
0.05026819087613958
0.0504178698847842
0.0496921020225269
0.049716442779124945
0.049986188996424104
0.050026456093864996
0.04920183935452404
0.050117173175378844
0.04962155167994482
0.0500376091107718
0.04961921258910495
0.05125415681744445
0.04983381986937949
0.05007828121107564
0.0499109251804307
0.05010895795065442
0.04957138657990257
0.04990681844688053
0.04953417043677312
0.05070764135974135
0.04946784500087581
0.049940828768050706
0.049859322294668364
0.04980840204372478
0.05034595572487628
0.05077076757712163
0.05035642125248329
0.05036331179120518
0.04976488754786676
0.05038980276796355
0.04968453454096384
0.05021696429098144
0.04958470634476017
0.05049931830729566
0.050103898907071634
0.049492949872266476
0.04966989451902403
0.05010860067619298
0.04983767087246417
0.04954702554104918
0.04982820880270986
0.04958120591492614
0.050187514191265305
0.05017191951775048
0.049509715392582344
0.049421834617075965
0.05018848923691706
0.04994286225035226
0.051334644772177446
0.04974138068597808
0.050184760839256534
0.05027072969441266
0.04950002442142074
0.05005689715578348
0.05003701731434974
0.049489845219247784
0.049868764166976984
0.0494140370660469
0.05044164758714922
0.05057244899372806
0.04916600320177189
0.04943709064213246
0.049923988750863096
0.049861090753988875
0.04985488872385849
0.050640234586752084
0.04956522790135782
0.05038760116180473
0.05007594574936636
0.049483212696943946
0.04957401001707273
0.0489754358582502
0.050072932857457744
0.050329859631859736
0.04965264755726896
0.049527623198063135
0.04979963846381068
0.0500386783500974
0.04906651456412788
0.05011415931144898
0.04983124907442563
0.05021917891389747
0.04986468051324831
0.0495047498442285
0.049777656425699125
0.049271312848057656
0.04920747652422931
0.04918463765106352
0.05012331043441198
0.0491490734991255
0.04941553327187177
0.0498934401978993
0.05010939137949716
0.050142795960034243
0.049945714527682906
0.04994454316526979
0.049927668919243884
0.04966424017245126
0.04902607545820845
0.04947396237881281
0.04930900779756985
0.049559785186159715
0.04983431189032837
0.049913280480305654
0.05013677089609489
0.049845987305962
0.049673622643704674
0.04955430082842657
0.0499084828225088
0.04893931380669812
0.049893209808262784
0.04934077344589889
0.04988857830538603
0.04946934722519111
0.050915677241927026
0.04957442916913668
0.04941355036933481
0.049799110339577755
0.05053125813883281
0.04965246613118535
0.05009637668819514
0.05065701447367963
0.0494416115387744
0.05023380959069449
0.0495112847088234
0.05056804844255155
0.04965465934661152
0.04979378057274025
0.05100508882496676
0.04972154451418526
0.05015216359511144
0.04905112751346195
0.04953371398618018
0.05032398508972916
0.04959635397001226
0.04985573503580177
0.050491335523798815
0.049870193946970044
0.04966353938778774
0.05012090170801159
0.05011529778762576
0.05028681641296127
0.0502498029829662
0.04981673289296538
0.0497124664588119
0.04935020787052371
0.05021460338316273
0.0500225112721278
0.04986450251035497
0.049983435893887325
0.04954682274234357
0.0497179284937612
0.050455941886870664
0.04952861059341744
0.050327072998253904
0.05014920317336789
0.050182503429138846
0.04970685665965897
0.049906223263352194
0.049961172473459235
0.049604678745579785
0.04951413814955656
0.04894256213845596
0.04907562923783387
0.050455294658881635
0.04994662670572083
0.04991226813552443
0.04906488775225619
0.05108065321826276
0.0493537795545056
0.05031322780621462
0.04949295119919338
0.050157858601233445
0.04990579987396769
0.04938165683322191
0.0495039764021844
0.05012910669174164
0.049472244528972094
0.05011157998852199
0.05025929866621581
0.05034126665893455
0.049383094410954335
0.049597195127216526
0.04973931603367105
0.049937327454144836
0.0497264525004859
0.05042758825164639
0.050189732638735184
0.04911751883838969
0.04987837959389138
0.04978853645510064
0.050217262634444336
0.0496820424720534
0.05022864076891331
0.05027853123592557
0.05001934254002368
0.049960188436029764
0.05006797005222426
0.049386227028654604
0.04958086307809484
0.04995751502285169
0.049945569801939906
0.05006782771749143
0.04975799174301346
0.049513795600768
0.0497038908329874
0.049315489344009956
0.05013224475261351
0.049665239649101786
0.04936020804422808
0.04932111470952321
0.049684612198110586
0.05004825171219233
0.05031864097799135
0.049244854506148045
0.04972330815976918
0.04958231945101513
0.05006443906717147
0.05113438333307673
0.050223753743868074
0.04948591821519813
0.05041494414648692
0.0499060174740998
0.04993882075766409
0.04955959587970897
0.04932144343927424
0.050170767979565205
0.04972059565705689
0.049377092695758885
0.04952167457174066
0.04979281978426842
0.04957066423176011
0.05000386039025439
0.05027157823059497
0.05031381966150663
0.04952087449948855
0.049825458021843586
0.05050508307809872
0.05012502805323054
0.049975897941891854
0.04964932282660007
0.05023862839982777
0.04940372142911072
0.050319329473066506
0.05058678234765905
0.04912924706404844
0.04949148672160622
0.05027367887919456
0.05011227064222418
0.049758789393599887
0.050178795623090425
0.05011770666317067
0.04970469433043048
0.050691457250060544
0.04964571040891786
0.05038901726562375
0.0500789504536406
0.05023272083059952
0.04930930710456202
0.049555538505774537
0.050033609716986394
0.049887979945931006
0.05030936601779363
0.04979649531764098
0.04956878935989268
0.04962372172763732
0.04940747453197523
0.050776343849111984
0.049837697479208805
0.05017400225186634
0.04953041357959491
0.0501765171074389
0.049301523051241254
0.04972824001950895
0.05022502664261538
0.049502565573976906
0.05019818632463919
0.05004074573018935
0.04936351578807631
0.04916255889099091
0.049185554259741256
0.0497452897609037
0.049458267979006064
0.04933464886519601
0.04942725320694751
0.050204678250025246
0.04928313614251635
0.04969005016911043
0.05007990076430258
0.04893721344806866
0.05055380205325631
0.049267536078175474
0.049282573560599924
0.04958723786601226
0.04945974925169298
0.049673751758545985
0.04998856583458311
0.04918781259142665
0.04862904090772308
0.05039562529905058
0.050154099904581244
0.050582579363427325
0.04947788063890379
0.04910768274435454
0.04984822797731234
0.04967945165362099
0.0498636994384656
0.04918506272500663
0.0497937131861671
0.0494835335533514
0.04978510385139762
0.0501436309978325
0.0492492108023111
0.04994138089086922
0.05027865870952885
0.05030576949460673
0.050190479390922804
0.04976041961834489
0.050472760764744495
0.049508444370574674
0.04883681892455149
0.051436174777815584
0.04878911718021545
0.05004530983484725
0.049672035960120264
0.04977730143781814
0.04942853045190218
0.04986839670733502
0.05086241810439452
0.0503428481718429
0.0496052049104392
0.0496527821783345
0.04989196439946587
0.04981917060212088
0.04952205116441271
0.05027121327712418
0.04897163600610013
0.04940777649375681
0.04944125092187793
0.04957078423720512
0.05049751092232345
0.050133529304630074
0.04945848983352084
0.04790617707794094
0.049100770193209964
0.04977249855659088
0.04985675539728818
0.04928329289003501
0.05017918099195419
0.04958323630585273
0.049490876522891296
0.050117280174829554
0.0502800702513246
0.04988594192318307
0.0504343118535522
0.04995073120310963
0.04986436106956808
0.04975911579372929
0.04963750138370588
0.04962757725717675
0.05011002043079003
0.04944709195392365
0.050701278756973535
0.04913393959906932
0.04918877475610365
0.04942031994939351
0.04919143467082141
0.05075958556204309
0.04988012033535679
0.04931185428436448
0.04962616499961371
0.04981577169404352
0.049644755322598516
0.0507261628682069
0.04981991446213133
0.049586425770519006
0.04894963478464509
0.04970750313044553
0.04970174781039525
0.0500584089385883
0.0498340771355888
0.050016462348182876
0.04928412758496956
0.050277966475314406
0.04926786046049339
0.05056539735431198
0.05001624180550996
0.049896449595538885
0.05014895651877857
0.050236120820025085
0.050617990188856155
0.04949627465607776
0.04905501264377636
0.0499172307927638
0.04879451016534589
0.05076032993001483
0.05019669178132574
0.04985092257908756
0.049543911767181696
0.049596268994657224
0.04995889353845064
0.04893529320939232
0.049186230986322514
0.049651887058111174
0.05026376246377171
0.05001190835888117
0.049702794479914755
0.04988293702666676
0.04934564874583945
0.04981449133176373
0.04974270174644649
0.050590500976869415
0.050434839255389205
0.050071384989022936
0.05099939783851671
0.04982610219843894
0.05006556748680216
0.050458972443377256
0.05053806910791388
0.05001803440820118
0.04956209384298404
0.0492541223356688
0.04934037876533284
0.048852988195700046
0.04926667305067289
0.049413371384956085
0.04959758964831724
0.05027844414123923
0.05055708909013978
0.0504212215323507
0.04937993706829349
0.04983749793083963
0.050140445052573
0.049931913189385446
0.050260866196264326
0.04972854592459833
0.05104427949703331
0.050615019046208035
0.049727408047966624
0.04990752599596142
0.04930801106173751
0.051048200476678705
0.05113758147475395
0.050240255935541316
0.049153550027696516
0.0499572410523552
0.05039258957825617
0.04930655663415428
0.049971149720709165
0.05291563746831314
0.04989593176340145
0.04980642569149419
0.05029199580257691
0.04951490721448764
0.04904553718962101
0.04985534186221007
0.05003526087543333
0.05034680063496406
0.04993995757851989
0.05032196495240199
0.048532444834322314
0.05024913702787276
0.0505748774733097
0.050699441159773
0.049879504582230276
0.049569525592015766
0.04978548297800564
0.04885225609963573
0.051361053344498545
0.05146135906979022
0.050621213170114567
0.05036552858663087
0.049427273426808076
0.050929443564693914
0.04911832714516452
0.05005332578459402
0.05003471617382126
0.05146533572242363
0.05116191724464833
0.04868932310390055
0.05057103743747553
0.04909668793813735
0.04943212493356641
0.050219924927168695
0.050066758593873176
0.049971632194485804
0.050035028333572144
0.050311883071307045
0.049348046245939206
0.05132411973669069
0.05071432123937627
0.05058663714009456
0.04901454431179304
0.049383449376691674
0.04942010360454085
0.04900309861322441
0.05181739944281442
0.05258864272883232
0.05204241798257851
0.05140072480793674
0.04788480326972832
0.04984815079505694
0.048905916058533144
0.050953842438784945
0.05029224120543876
0.049662474312206134
0.050168491953741665
0.05067055721923191
0.05055324487358916
0.04934246276850126
0.049754159185444645
0.04982591981413992
0.05011984210444912
0.04929948822262121
0.049655089043599276
0.050080256177689415
0.04973630986547216
0.050008841935749566
0.050061675816960874
0.050841043854672675
0.049669393480513115
0.04962044094438164
0.04985565790433212
0.04933018769781308
0.049544261582102955
0.05014701491502115
0.0492060396020658
0.049631889581184786
0.049654183755876956
0.05042758825164639
0.04982520954891469
0.048840647597194434
0.049778071818266836
0.04993658908016472
0.049668435771209815
0.05043810521435552
0.049675355107776195
0.05077280498412427
0.04981477080235559
0.049961233053002506
0.04990145301137294
0.04923657119493785
0.050144107153720245
0.04957113659612237
0.04975512158947787
0.0492893182365906
0.04997369535018424
0.04985918387093489
0.04982950439439149
0.049637535031539226
0.05011040288004349
0.048798286241653666
0.04950571160257547
0.050029280450250124
0.05054360194209664
0.049502992255326284
0.04937409055381904
0.050029295984839454
0.04880825768407662
0.04929831728028523
0.04971338515719895
0.04938753879762748
0.04941840343564266
0.049187799675204466
0.049205843294192746
0.04911821730831486
0.049101324682127294
0.05005677814393682
0.05035197326347862
0.049279751723047355
0.05001058153826619
0.04936922647461641
0.050426221671750496
0.04985217610234629
0.04986756763419561
0.049198365870515
0.04990646772040714
0.0504577797355895
0.05240371550108987
0.04961170418499341
0.04986456957319243
0.050375805807252524
0.049826551621040736
0.049622098378817925
0.04916629238736033
0.049849942008551446
0.04974865313610577
0.049767502751018274
0.04973945936465257
0.04965670714333557
0.04978003568611648
0.05018415781254802
0.051023385531815534
0.04980352917184977
0.05005308347687071
0.049574769335910304
0.04906054430130865
0.05066885665653137
0.05082096069068365
0.04919978218150908
0.0493890644651327
0.04954085785996246
0.049974201953172204
0.05018935157866563
0.05020104120039744
0.049846269966569864
0.04990518278328386
0.05118999170240919
0.04953706159499533
0.05015102839629875
0.05004413233936921
0.04997351693579085
0.0509989591864038
0.04997588052484462
0.050199344411993384
0.05001552571758306
0.05027554184166911
0.04989608534280094
0.05012881607469269
0.04989608534280094
0.04997674342003466
0.04987472796169515
0.05040552904468512
0.050027356564019757
0.050510902608265705
0.05007648319266646
0.05081011310826911
0.050521190918058075
0.05049329461472522
0.05022080651165063
0.0496827142515283
