0.05016303379547794
0.0507606592324453
0.05108392300718053
0.05076583816804816
0.05145477538265259
0.050335848165130904
0.051581476137812776
0.05027441415341222
0.05022414300629424
0.05062702737569567
0.05102004693005987
0.05044304538135734
0.05026147346282315
0.05111977427646954
0.050596206496418696
0.050737325364732654
0.05018575667308846
0.05012623356636133
0.05064344645622041
0.05181102862083263
0.05112409368631852
0.050537357223799984
0.05084931844877365
0.050214884057784806
0.050352385193640416
0.050427516852672244
0.051564628996246475
0.05020558247983635
0.0510128934896311
0.050477278379866125
0.05049256419165297
0.05051659440600792
0.0507218610751674
0.050852530113582706
0.050198075433588785
0.0501154154823264
0.05010272082657661
0.04990294783487922
0.04972483803248632
0.05044013067201075
0.05023513145087895
0.05100507617334319
0.050962321749733225
0.05026180358921716
0.05083006390834106
0.05132581288297798
0.051305752358406634
0.05027821080410633
0.05081496691277587
0.05075718516810867
0.05064992047019599
0.04959631699659478
0.05011856470384918
0.05050143189169664
0.050053362958375286
0.05022252827899031
0.04994574972145338
0.051125300353371456
0.050989165141949545
0.05029017927157779
0.050759128842723836
0.05071136036888829
0.051041374952315394
0.050551115378546875
0.05148639328587578
0.05048742831719614
0.051021484812259967
0.05152867140670119
0.05070296286048399
0.05063385272255287
0.05002368417271153
0.051800146198184314
0.05038039316614699
0.0503031522350517
0.05044177300083962
0.050844577442506804
0.050659003537977476
0.050465691878732157
0.05029209795712472
0.05108770927478693
0.04967187994167849
0.05112017415114273
0.05026700806166545
0.050349607762516194
0.05038643600708767
0.04994220849024643
0.05005716044396387
0.05032826096535116
0.04990447266257973
0.05042688443894986
0.05098687549481879
0.050778616908504756
0.05091327866759145
0.05007662235795951
0.05073984799682948
0.05059535249859674
0.04938076243635016
0.04995508431862896
0.050259676660868696
0.05019091303466354
0.05039864510090562
0.05065859740575173
0.05113913230399693
0.05029928596761514
0.05038455817565743
0.0504966610886268
0.05140208799657501
0.050110630367509616
0.05042980914416817
0.050622347609251515
0.0504513248301894
0.05095379700113343
0.05026734303169001
0.05048509067563955
0.04979876421635353
0.050737740338197654
0.050549112507282924
0.05057978280588016
0.05060840960237464
0.051408134423555116
0.05094456537007583
0.050749843890435985
0.05017936856282833
0.05004112406216761
0.04995342134167961
0.05019358496396701
0.051324972290601886
0.05049842239765302
0.050760079235414916
0.05013461781889092
0.05083013233116107
0.05046069621934319
0.04995300952213424
0.05202132372201859
0.05120161781121586
0.05101825573186929
0.05035569806172855
0.049921202838726385
0.05122098341542562
0.050424420418547417
0.05047474876111502
0.049833554575513084
0.050360268045707035
0.05067130689035481
0.05053520579737974
0.050521587355499324
0.05115780282859586
0.05114176350603564
0.051492916508764114
0.051199237814940395
0.05093960824142856
0.050799913515916985
0.050651310128951056
0.051014077245796326
0.050252662284195955
0.05079293415252464
0.051269978588917
0.04988557581386246
0.05127320356389904
0.05005559268480114
0.050351568199406005
0.050807021435998634
0.051647957077886816
0.05070747311142954
0.05038662883132012
0.05096251851755524
0.050935913971581426
0.050735909011159125
0.05035348658719879
0.05092818540988075
0.05048853168478049
0.05056887948718301
0.05118276715615624
0.05019255210720832
0.049799913330542546
0.05077388152689734
0.05133358847160221
0.05135135067007234
0.05081052680124135
0.05065022789925532
0.05058930862217902
0.0503242104999316
0.0509312465559756
0.05027364453629526
0.052766436783817795
0.05163597555941675
0.050482959540335146
0.05024074149796045
0.05086978764149553
0.05154217039400965
0.051610927525394264
0.05117025622740394
0.050582410856622226
0.050500932710762336
0.05195978929013506
0.05188757649323186
0.05251508038904701
0.0518114476065441
0.051291623316553764
0.05087163123589962
0.04967158717472345
0.04991425921806538
0.0507997301515903
0.05050066482298003
0.05095922547254254
0.050954802277667674
0.0514272203322424
0.051357039127964355
0.05054131536916277
0.05066646289515711
0.051419059846298916
0.05049017907768046
0.05054038482048655
0.05197882075260944
0.05068015140548031
0.05092925507777923
0.05085205485918915
0.050786786261650556
0.05016766776283907
0.050819529314952455
0.0508661143390632
0.05151711632387985
0.052044473366794686
0.051178349991879264
0.05003164663344222
0.050355848821766885
0.05061808728286659
0.05088937099988672
0.050733232238388146
0.05111770057549372
0.0508771693043375
0.05024631704691312
0.050858784956707724
0.050838266305981324
0.05175470768224889
0.05103070272495788
0.050338994967287054
0.05125154190115302
0.05063564248776554
0.051517075157810205
0.05140758324558358
0.05135708352855975
0.05132981638969328
0.05068087448479911
0.049904294158563976
0.050521633034344086
0.053024165706453415
0.05142254682503482
0.050877606155721705
0.05087183070362396
0.05168667542306855
0.05082325700047359
0.051037493407234805
0.05205483249537113
0.05148130136471433
0.05134421025063055
0.05141467063830859
0.05065673395169277
0.0505403950674034
0.05092882737426864
0.05155514503307337
0.05207639921416244
0.0520010886073272
0.05133799620349539
0.05014144538030011
0.05160796592637291
0.05199914729724837
0.051710275138540956
0.05132636877157828
0.05119766510076706
0.051233873522804084
0.05083218560741209
0.050717500028965586
0.052623771810518416
0.05050765868009183
0.05076835787553215
0.05054382216613342
0.05075071975247106
0.05084138776591649
0.05170934218956793
0.050400620344123556
0.05095521308587318
0.05093719917488549
0.0511480687593572
0.05030767544795219
0.0504845746704307
0.05158481593901895
0.0509386765531531
0.05179885985938042
0.05146477228396478
0.05099180057901028
0.05125722521245229
0.05054786505737391
0.051784899313983085
0.052422471935117655
0.0512368023764315
0.050907217663134594
0.05077633203765575
0.050561185796581254
0.050248998285831396
0.05167491208652673
0.051994072839137685
0.05126702782679082
0.051115812607754815
0.05037335535285877
0.05019590249770965
0.050866406078008165
0.05043343814851742
0.05028251654936435
0.051027327856871474
0.05067873850962716
0.05104171039518753
0.05046031316337474
0.050390609701058554
0.05091285641772934
0.05157326362066097
0.05230521803102865
0.05108926823443029
0.050662706122134714
0.050463550332632084
0.05050835690297424
0.051410935078363966
0.051379691464156385
0.051170220358950275
0.05070294903776967
0.0502335792816142
0.049951178932041686
0.0510212615593807
0.05141683883196237
0.05094763392755222
0.050296698472438305
0.05145306959824379
0.051082716716223366
0.05040852064639576
0.05143272909250199
0.051667501367157836
0.05190302970183174
0.05194982387369457
0.05196395978007497
0.050926228439641265
0.050629520068395314
0.051486279870366476
0.05147011534432606
0.051399088504575925
0.05113352073705804
0.05014504171345932
0.05042764333085289
0.0512423977097311
0.052041469694096655
0.05199376571441179
0.051578706260357
0.051043365103265716
0.05033455974199708
0.050685369252275236
0.050885851123119025
0.05176361711901776
0.051192981557471734
0.052420768735484985
0.05178778212966814
0.051116442942314815
0.05016296798050588
0.05140882062425323
0.05288742853270943
0.051692484110242
0.05197514327888962
0.05134395048456857
0.05103725588860329
0.05057151291354484
0.051238785046463974
0.05286356962456708
0.05116591923986182
0.05049780213708814
0.05047583130573836
0.051115579838636065
0.051081313746654776
0.052026009255717556
0.0506297587906475
0.05119586871324187
0.05047699956814089
0.05100768266298355
0.050611140896491276
0.05164758650222468
0.05128181118993368
0.05133979124907268
0.05177338788313527
0.05118069621036658
0.050251411923585974
0.050162737628757725
0.05291303426186755
0.05150178785597474
0.05073140592909283
0.05092202717198067
0.05058833362438705
0.04993178896917213
0.050944170329242755
0.05215237437074184
0.05234909686995984
0.05127424655786558
0.05201449299045167
0.05113031823560478
0.04979990353508998
0.050790928721584125
0.05143617354882938
0.050896949790986
0.05179376243310478
0.05085154287815081
0.05048447272091865
0.05054688325978641
0.05140966631737648
0.05201600828293549
0.05130481934466959
0.051778263863204096
0.051228272555350174
0.05130132278057602
0.050649361036379
0.05095994727340599
0.050743313734015215
0.051247696663183524
0.05202724261374477
0.05051727648193428
0.050665053933266084
0.05085296365096982
0.05287815851224989
0.0530835980670215
0.05166595927090022
0.05162760130931095
0.05085405669743544
0.05072061597537548
0.05205390057542995
0.05231409903950341
0.05209816861823598
0.05116642002475283
0.05058251695873383
0.05026245000850283
0.051668841827133744
0.051840502577115186
0.05112897513896597
0.05185181340379626
0.052061151430305715
0.050525654082748915
0.05079117293763082
0.050814822490297146
0.051884631560123566
0.05189677613707295
0.05202622603555013
0.05105411963063838
0.05150789828284394
0.05239658041608846
0.05235839946242076
0.05313881730577698
0.05355182293513789
0.05239580435690667
0.05137895518809097
0.05090810339244554
0.04993040178455045
0.050594192491042515
0.05186989569288755
0.0502327451339206
0.05173164182064701
0.05071589052500955
0.05046439716952135
0.05131411768970328
0.05221279810252618
0.051812395457701665
0.052269706603625815
0.0513168738993966
0.05119256970019247
0.05036169006164298
0.05111243650056077
0.05078805953314128
0.050822759780845106
0.04990777478459876
0.05042983827723461
0.0503078779808965
0.050483736538766935
0.05124065150042806
0.05026122148353484
0.051309718829602155
0.05202051932924358
0.05041556700049622
0.04979337321416049
0.050424302081750666
0.0507620673755722
0.050249179021019164
0.050318692837302524
0.05084692699655109
0.05067383522218708
0.05076685935226034
0.051869758926588606
0.0505521323718575
0.05101368636367556
0.051208937827951495
0.05088296743444189
0.05001379506314731
0.050190024151132114
0.05162190893306468
0.05037591714058574
0.050472484904048466
0.050721825070367696
0.051976875150096864
0.05197991083188276
0.051230077459957
0.05187989873360928
0.052066963775478946
0.05093538655796577
0.05182313244174642
0.05113486107861657
0.05147297702331457
0.05110146884228586
0.05118828914369687
0.0506941601555656
0.05030719638147779
0.050949196036536214
0.05190633355484323
0.05226943499575264
0.052463188539813264
0.05092878918872541
0.05094214178531013
0.05032491058445697
0.05028758792717528
0.05061796937903177
0.05080620686869137
0.05023875711165427
0.05147593329874168
0.0504481448162343
0.05037360754751424
0.051351745239325036
0.051835711367344724
0.05117947827014088
0.050721072259618354
0.05007001435137014
0.04997713732475275
0.05012252244274752
0.051289033657056296
0.05178741750774944
0.05259251806001188
0.051954150666779976
0.05079447339982875
0.05004843174408232
0.050784800890669425
0.051191271016338996
0.05201275412190294
0.051306487142298164
0.05119614487612961
0.0503961248270145
0.04969814921058224
0.05060069403181207
0.05249963499210029
0.05194256034510627
0.0514749986369444
0.04999982608475152
0.050060619006530235
0.050954300352478256
0.05168872091405011
0.0515716963238539
0.053536123098688895
0.05289634985763384
0.05106030081174556
0.050171717167455804
0.050481368769199196
0.05243479021607296
0.05378908879154529
0.0552947007794847
0.052104248216453854
0.050407864460728154
0.05073746504903228
0.05199684098545578
0.05295616561762447
0.056047691345921954
0.054577318300508444
0.05118192711438264
0.05005886197600527
0.051603286006469434
0.05185897170258784
0.05254567663143831
0.05162463568459084
0.05316242623896313
0.05132009610852982
0.05059277005511247
0.051231224064571555
0.05316198741793205
0.053408631805971156
0.052668603284639064
0.05209434936782015
0.05183507902732354
0.0515354088900868
0.05154606101656364
0.05398841103388242
0.05343220503377229
0.052909981314594054
0.052909229818097515
0.05038714441736546
0.05079223886075831
0.05186602104891049
0.05336799692585357
0.053538062561818076
0.05508298221327932
0.05479887851064915
0.05194891567147365
0.05033478881053699
0.051044339940711635
0.05292901210845427
0.053460105533252436
0.054523921265707063
0.052941939239147445
0.05165917831507064
0.05039957898132474
0.051052446750778774
0.053317811324270034
0.053993093942235726
0.053203117736409455
0.05192035111222819
0.049975651449657696
0.05044273839630194
0.05116143157241927
0.05443666814620978
0.05543425536760777
0.0546395760235012
0.05418837043189177
0.050921961150969274
0.050000037116166456
0.05109457732920277
0.054379594898180984
0.05427054234172218
0.050847166446330506
0.05074029634546565
0.05081399041149498
0.05181731543343946
0.051379344587920706
0.05201900900682573
0.052751881116379705
0.052032755207698
0.05164659664619139
0.050942803620234595
0.05027895901138296
0.05146147948722305
0.052637240317069935
0.05121289029857156
0.051763109847971916
0.05159666915714568
0.05062309977317296
0.050677510870655765
0.051152472011624366
0.05072403719373456
0.05142979677798297
0.051392756521248424
0.05166192611612912
0.05040952382366144
0.05006328019185345
0.05074336984927774
0.05028093505968723
0.05086286710566106
0.05038288652517766
0.05083852405223477
0.050500664314392964
0.050391084411123326
0.050333783991596444
0.05166484793407424
0.05075809058844803
0.05041717252366986
0.05074186294740532
0.05088558083632909
0.051401857704097866
0.0518642011804928
0.050454005865699154
0.05074302059818549
0.05015868769547306
0.050118941103930434
0.051545117784507787
0.05161985074345771
0.0503496611266214
0.051246649825808704
0.049950695472972026
0.050297605276996976
0.050797038986589084
0.05075773726646651
0.051206482633826926
0.05197103073136812
0.05108808683901407
0.05025836723401492
0.050186860557735476
0.05037399863606048
0.05088482972731758
0.050416157734200405
0.050529474630022594
0.05085151333765354
0.05080664925399063
0.049448165055658175
0.050362435468830936
0.05155710072647502
0.05269395804718598
0.053567901982123085
0.05216930893001203
0.05144428601453943
0.05011143764830608
0.0509730578411097
0.05307333838051429
0.05582981206731903
0.051914308847036905
0.05061715457196378
0.05080782482812566
0.050649515225265826
0.05076670018113189
0.05031527185474112
0.0504000758894167
0.05047823513221437
0.04996327192324247
0.05062609323693352
0.05051724489434083
0.050559238478918904
0.04953950357794573
0.050599927332985024
0.05036577531406925
0.05055611014622228
0.051230735592978416
0.05086076375746041
0.051074933026988574
0.05093645246010112
0.050699226691051674
0.0506539087176038
0.050680367253244145
0.05042421692765291
0.05030087932067818
0.049952305327907044
0.05043526657587096
0.05070089108652459
0.05051049299908382
0.05008832956194789
0.05024590267807013
0.05082545164997005
0.050054394150674274
0.050221666157279396
0.049973634989391315
0.050184058814506584
0.05019321973377561
0.05087409301870896
0.050543507900461825
0.05019590249770965
0.05019590249770965
0.04993172178602803
0.05101340197720894
0.05046303370690319
0.05046439716952135
0.04993172178602803
0.05022973755453814
0.05058289402851735
0.05063795001524163
0.04971585318422804
0.05080998829763501
0.0502521803567481
