0.05036188947542623
0.05117089531843089
0.05057639107965924
0.050723745845760164
0.050661431088086135
0.05072126016967688
0.04969057284881374
0.05029547839465684
0.050552831680075364
0.050798324122264836
0.05037629045110387
0.050552039508073084
0.05042743708781239
0.05018460600707157
0.049927791718413085
0.050518732198034225
0.05012262440960288
0.05102432625191501
0.051346364642315026
0.05064001822355293
0.05006492436539366
0.04986763225686808
0.0509160607970195
0.050176893115178006
0.05009029593752959
0.05034357232687549
0.05064438910198427
0.05072908378209646
0.05071795184109793
0.050165113471144135
0.05003284174486273
0.04996736985094034
0.050473992581774624
0.050284512028636846
0.05035259487087856
0.0498414474112035
0.049807296781300664
0.05004785996200648
0.04953750971859451
0.05013943632982496
0.05097042534083824
0.050383472314691834
0.050525011414528836
0.05020885336527903
0.04991016376915488
0.05050474899660863
0.051330361340133926
0.05109212624991579
0.05031525526430731
0.05052015268016645
0.050119447672458295
0.04993538847102525
0.05069219221383148
0.0499110644818945
0.05008821979571859
0.05111691238226753
0.051154482846932976
0.050807348166908864
0.0505230610442681
0.05050012635991549
0.05001649003744424
0.050697619055330115
0.050038228226440606
0.049528439138150145
0.05072657620860811
0.05089755308941436
0.050671936822486906
0.05059071767676695
0.049920983360025144
0.051049985800592904
0.05103588716497014
0.050271714078213924
0.050499443750912976
0.05022347687466819
0.05027145045385587
0.05027321589960647
0.04998682434575121
0.050406902921009994
0.0502199123122679
0.04953428442142187
0.05032148699840482
0.050031355611727994
0.050479772173168826
0.05023102425335623
0.050393092395341066
0.05079437242268476
0.050643494318306476
0.04993041165856661
0.050401004006525994
0.050216392628209094
0.04983774223290897
0.05055206641536649
0.05051154043953618
0.05025335769097484
0.049938646481238774
0.05039429988067597
0.05003054705341914
0.05107289074005227
0.05007579594943915
0.05004858915002458
0.04989141165952907
0.05003743829197549
0.04968644664070084
0.0501746740577924
0.049949589967212785
0.049527625005055954
0.05009165200078049
0.05101740995979988
0.051006694196435755
0.049887574264501994
0.05048012601388173
0.05064065470214291
0.05040556885317997
0.05033008008407381
0.050820617908952134
0.04998558025740093
0.050443509487155806
0.05034979433950652
0.05027362236160135
0.050414850326105584
0.050811126969855014
0.049961794636043055
0.05066706240523607
0.05014121050281121
0.050846588712341226
0.050215093172957664
0.0508104906519422
0.05154165727523603
0.05104818960129652
0.0501255725301106
0.04982146499081745
0.050308130846381895
0.049824338719435105
0.050590001196651656
0.05054938145743295
0.05057847723535549
0.04997632841088546
0.05158683937381927
0.05067045984740932
0.05136823737722551
0.05020120899854673
0.0504784267789924
0.05026767370607849
0.0501413855349331
0.051012104140951225
0.05074659176275833
0.05074620183335869
0.050566434912479516
0.05083808808406204
0.050884039474414104
0.0506502631395815
0.051244126452126455
0.05148502552202962
0.05057806623666807
0.050575967671489676
0.050845181026067235
0.050596072083264075
0.05025417983186482
0.05126331036945456
0.050469746673605806
0.05025896127674883
0.04972219973007361
0.051559644787516706
0.05158787807183527
0.05080376880060646
0.04989508602059375
0.05069097503504801
0.04962426597444517
0.05021244159774554
0.05113315960466713
0.050834552324999116
0.051046467857637966
0.05139438529865528
0.050526685247124274
0.05006195949885445
0.05052439207532127
0.050269919968619424
0.050932204551447646
0.05156402124327881
0.05031408219516897
0.050320216638475336
0.050783950331835435
0.049627841645536915
0.05027018545559349
0.051064106236081076
0.05150945303740047
0.05080438279115019
0.05043416094878233
0.05032286048116687
0.05033192492838128
0.05059275556825781
0.05113007628884851
0.05062086470735886
0.050265539434334906
0.05078597803876895
0.05183316050179625
0.0508802588996088
0.05102735310424463
0.050249664422090036
0.04976340242195763
0.05085055679836221
0.0507619230227628
0.050224069617205346
0.051198516029224435
0.05023716043224001
0.05037238556910322
0.050841907717138264
0.05091768607738065
0.05050867563829344
0.05051802679659089
0.05107423379915702
0.05141245162167846
0.05000528354404746
0.05013126370334521
0.0508748942149821
0.05086816093591259
0.05115651042361299
0.051013446951147845
0.05104733140951302
0.0504995475623466
0.051060910520636923
0.050634911324574775
0.05110124053536205
0.0512463582124332
0.0500937854971475
0.05025311109551552
0.050639226847942344
0.05078924982355555
0.05044802697734016
0.05126037793581637
0.0504198101597911
0.05038110252284881
0.05122389422645278
0.05080778082312047
0.050361104416705375
0.050376936902959545
0.05094126029684393
0.050655318010975225
0.050756238896626935
0.050353196889887784
0.0510206127444575
0.05118936597799494
0.05149827339334738
0.05058715029740626
0.0496678622934506
0.05144611288890495
0.05217449309113693
0.05115561598734503
0.051371523799763244
0.05105213227800663
0.05110708062114803
0.0505296294575191
0.050408981047449536
0.052189689283634225
0.05129538275543461
0.05085489801544161
0.05070803659092211
0.05077003078158356
0.04987419841125688
0.05071953956632114
0.05143541274906317
0.050655603170054436
0.05081918989054589
0.051030489802396044
0.05077657606648934
0.05046226846823218
0.052029938524793755
0.051150276001925433
0.050451467866028867
0.04986973641021581
0.050217617143438205
0.050024527299396035
0.0504777080630924
0.051409303353571204
0.05081513849709185
0.05000401097689755
0.049850460837252926
0.050333022800341944
0.05083310992127924
0.051664897340426695
0.05192106571495713
0.050778223941195
0.05126294929439935
0.05064330527377934
0.050206753362703214
0.05025381895267518
0.05170680578246273
0.05121518279899061
0.05046424040260076
0.05087072548960521
0.051152404164340824
0.050402627175719486
0.05031542127073635
0.051785151603557705
0.05159089104772362
0.05045329799887293
0.05150015425771329
0.05027679159946866
0.05029215161125404
0.05023922712047263
0.05122647962329937
0.05196519505179453
0.051225766727817035
0.050636916170805964
0.05059741404168215
0.05101481135762815
0.05027732538254041
0.0496322246519276
0.05065233933424433
0.05071002967578015
0.05101961439364418
0.05090417491467647
0.05059618174607213
0.05050587151801684
0.05028980369467849
0.05123020022483395
0.05187867222398263
0.05107079942438176
0.050482841292357514
0.05121986491015206
0.04984297266787904
0.05104121151637283
0.05104739613884428
0.05020198898965868
0.05100360672951493
0.04996152271961125
0.0502167807001297
0.04994587385165982
0.05056610545062245
0.05067965149787739
0.05086463458982729
0.05085688882723365
0.05124934237879475
0.05049154296588979
0.050842553118180964
0.050891984538182534
0.05125351580204639
0.051649563630531206
0.05121666732337128
0.050156141630762714
0.050094060118547744
0.052174795956033006
0.05215086306474879
0.05119484119298533
0.050725719088547165
0.050064719604223096
0.05034972024848333
0.05009946828195857
0.05128267217017867
0.050782799035084536
0.050719658268724314
0.050853875191553675
0.05052867437363462
0.05011099753055747
0.05053264832596419
0.0509294431763712
0.051380133154737835
0.05207883784766218
0.05163918479781879
0.049883063702213654
0.050063045013827884
0.050374055601421816
0.05178866341029211
0.05092219663628806
0.051265780050768074
0.04989473322890676
0.050602898580255885
0.05113172299683198
0.05174361989302975
0.05167679876368515
0.05080815714067802
0.05074437901247712
0.05056779074533602
0.05062735924238219
0.05146183126038434
0.051225574960966504
0.050679144422916905
0.0506905875523315
0.05007672197444353
0.04996696972519356
0.05052612207207297
0.05189981063043191
0.052024689563510654
0.05116366731084966
0.05185754159949791
0.05055294646780622
0.050243723061245506
0.05026640988562625
0.05208595912461221
0.050919513587211786
0.05067065340415516
0.05172590851666071
0.050629463876900885
0.050450741968155605
0.050363225619238124
0.051595439503215226
0.0517345180045712
0.051378923661738025
0.05180165573060151
0.05013179411774362
0.04993040178455045
0.0507553348406778
0.05099288675660617
0.05055105885463106
0.051060811568644615
0.05101453354347152
0.050798442334251556
0.05059070134905261
0.05212176877576865
0.05206750264458109
0.050199101007746064
0.05123390546374888
0.05182944577014687
0.04952464489719533
0.050573670967574105
0.051142175715802825
0.0510671151506685
0.05188751246273186
0.05097797867637213
0.05010913573590805
0.05005830325439321
0.050971424076203295
0.0518738547773073
0.05098491218713249
0.051700818330981196
0.051221194607631214
0.05119437578486764
0.05113832918375741
0.05196291209037154
0.05166448483188435
0.052262193067618555
0.050837337293037826
0.05031355018159486
0.05027450948049928
0.051322999326524135
0.051347540051973686
0.050435029858411036
0.05148975330287452
0.05148883357783029
0.0502773258874335
0.05084566697188909
0.05083408313740725
0.05224756104626216
0.05159392100451264
0.051581620413900124
0.05186769056258189
0.05126976943190716
0.05278118219071148
0.05156297953800411
0.05266728231720948
0.05333479130199611
0.05218931095066764
0.05139180790559081
0.0506028997276038
0.05006128923899549
0.05086182255986297
0.05127232286744588
0.05139348223472116
0.050540826124658496
0.051867899253820335
0.04980121303356114
0.05050349487051624
0.05233262917451445
0.051389705283407694
0.05168734342016784
0.05083393498160561
0.049509038624144776
0.05040988366878059
0.05104518374236425
0.051103418445171495
0.05025022321116933
0.050165514088842546
0.050665778402700166
0.05005664388643272
0.05002752566025163
0.05076917457810815
0.05072442843439001
0.05121744684001798
0.05042500024946417
0.0501162792122621
0.049663962171839875
0.050711573566856016
0.05154295442281389
0.05074854245170691
0.050470550056482336
0.050235781763963726
0.049981173922627097
0.05102691059506743
0.050197608252882324
0.05011882859937748
0.04971590986925024
0.051279828827617974
0.0512031036133588
0.050603445700967836
0.05067165830463973
0.05086690554656273
0.05065271306403269
0.05154794973087596
0.049901494599512104
0.05030639891291758
0.051449517585505866
0.05101624261704199
0.051918973141396804
0.05094989519431547
0.0507747552630629
0.050536334057518555
0.051041533940213935
0.05047530142223024
0.051392574797713135
0.05162717381364921
0.050450069015772966
0.04973718686041797
0.05054458117097319
0.05195941335171768
0.05210553787614287
0.05212434406160764
0.05239740072820903
0.05039597919328913
0.050663278216137496
0.050377676490447686
0.051077403188514496
0.05175071430402716
0.050531077715143397
0.05071124618735874
0.050499631091267295
0.050847151294295116
0.05070502450152191
0.051399444202725186
0.05029005345495534
0.05070965683058524
0.050083853508925434
0.05073593926231092
0.05028651188675926
0.0509328724708049
0.051275094915449085
0.05186319407292239
0.052673894617927514
0.05088993408853437
0.05051276380387789
0.050815544332201125
0.051787911174723214
0.05266768614412414
0.050311737697588246
0.0511190384928376
0.0506473218754245
0.05074307953742309
0.051072237781083246
0.052215076885765904
0.052354342695238656
0.05051814865948934
0.05019757204529935
0.0503268985857277
0.05171314676911052
0.05117466235365813
0.050955619910680434
0.05257656084494044
0.052340151985509877
0.05086327926793788
0.05047504572939084
0.0511021009083861
0.05227010411769838
0.05434850029195421
0.053855784886321624
0.05147230880020132
0.050894263900828456
0.0502666866617626
0.05110860454166616
0.052136339639294614
0.055505242419716265
0.05404936995486799
0.050759581570165926
0.051236181341258825
0.05150743164290139
0.05269105901882843
0.05197257122286801
0.05185576471877077
0.05325168159312287
0.05203188200109644
0.04953559153903501
0.051118861048676675
0.05314122050535182
0.05521891175520084
0.0529164028711628
0.052395713088107185
0.05143134602250189
0.05109277246258578
0.050803361448136304
0.054143844209461126
0.05314604961486261
0.05285032264447568
0.05187063614365199
0.05081146828200127
0.04976124844118236
0.05129106932301978
0.05287060678585688
0.05231693993695853
0.053072969973269414
0.05487254798621406
0.05162414177492589
0.05024290158554366
0.05165180509112771
0.05140982984059646
0.05204594446899344
0.052787601833134606
0.053086824372511617
0.0507664853666526
0.05024267112799106
0.051727483298153486
0.053752276669001675
0.05377866562343596
0.05334823417081538
0.0509068027675783
0.05112901324644131
0.04941250267048494
0.05119460711030419
0.053544869136613875
0.05484605006528832
0.05426286792315337
0.053935211967282036
0.05064541192379956
0.050385211283374386
0.050911277448287495
0.05346565639606023
0.052146071681687944
0.050695197263120696
0.05002578423806565
0.05046948873520866
0.04956999026739052
0.05100869074385676
0.05252446098410943
0.052484985925966794
0.052524402473038204
0.05174526063490295
0.05096945128564315
0.050119221269142616
0.05042809388829109
0.051840595683863
0.05071073636218902
0.05068873096910035
0.05111408199557402
0.05055890385896474
0.05006062895936575
0.05082926073722272
0.05176469817367648
0.05133459798774277
0.051273232819217134
0.050873436813580065
0.04981317164212349
0.04993172178602803
0.05045822214822297
0.0516342503454015
0.05028836893494663
0.05109691931230848
0.05042380198727468
0.05053420385871982
0.05023995857384864
0.0495932036563747
0.051375404975289175
0.051139591611827254
0.050530982772193984
0.05105499807518202
0.05083068309049308
0.05031405610893668
0.0513353444457861
0.051549705902723245
0.05057425855927579
0.05051490929588166
0.0504745225157761
0.050893334054221966
0.050742922866907236
0.0515908092324535
0.05158171317555232
0.050914061453840496
0.04983045661100378
0.0504924404398648
0.05047206984157941
0.05061895299639161
0.05108275212306885
0.05152208954045712
0.050670229732188626
0.049472227575996175
0.05010928670508099
0.05060264295250078
0.0502922874174014
0.05053664531772675
0.05112383330200553
0.0506544389219294
0.04985141064927449
0.050687171319598996
0.05215864033644838
0.05253330353975543
0.05212528067899344
0.05165613639304761
0.05087931293476038
0.0501519936943838
0.051051131596233194
0.052754197129614974
0.05416613610733249
0.05209780693515355
0.05109680847866083
0.05079445376291401
0.05103754877462262
0.04976451891154177
0.05020258393491435
0.050322268576763
0.050036541121407076
0.05038317763870851
0.050824356802147676
0.05158208086203146
0.0502838689796536
0.04982509902788338
0.050724914432048254
0.050406776735574615
0.05035825487683155
0.0505972720149388
0.050828584166961725
0.05005771923517745
0.04991073649827516
0.05062728016937999
0.05029720206804681
0.050419879833945386
0.0509658243763574
0.05000127738385187
0.050615118219447586
0.050405454292833024
0.05042482394128188
0.05033103149627335
0.050031526892381224
0.05020825461044531
0.049898551151587825
0.05007520034096228
0.05019780706180164
0.05075335500259642
0.05032552600022892
0.05019321973377561
0.05051130950769588
0.049671739954488946
0.04993172178602803
0.05006328019185345
0.05098972802384807
0.049670440819520115
0.0500453943923038
0.04980121303356114
0.04980121303356114
0.050380971069462925
0.050218623566384436
0.049790992946188044
0.050572700624687515
0.049881035011815726
0.05067014100536224
