0.008725712218617473
0.008729087295750922
0.008732378542773084
0.008730888551527356
0.008719473011727742
0.008724606424487823
0.008743766405983323
0.008727164438097214
0.008735117294024864
0.008743381526083767
0.008737658831488674
0.008743139172943082
0.00874930678811272
0.008745268111623194
0.008750191829757418
0.008742242914029256
0.008743541265917663
0.008755769743658827
0.008765409695336885
0.008756630736398215
0.008759718698537644
0.00875542232797339
0.00875930058516445
0.008751790377044344
0.008757930749740819
0.00876564089965113
0.008766533046532876
0.008783933757050838
0.00880592746921424
0.008806494518189862
0.008797160374562314
0.008805138158693843
0.008808581198932405
0.008812642057431352
0.00881379207876299
0.008812327937134613
0.00881217844914841
0.008797149171411696
0.00880294131992466
0.00881998277260974
0.008816362039359829
0.008815442680571531
0.008799847736617357
0.008807628413168015
0.008814529993572214
0.008824292196989037
0.008829533024415723
0.008830199363357695
0.008817540164331849
0.008822873534979726
0.008817553729947036
0.008817817763052167
0.008836790497663923
0.00881701717761279
0.00881370700814652
0.008827824354780791
0.008835571265547138
0.008823002311024465
0.008815554711228576
0.00882641478822245
0.008819539458572258
0.00882577521897112
0.008808733180266363
0.008813691535812141
0.008819915637297124
0.008823534143744517
0.008832553666937365
0.008826679925500703
0.008825500001173993
0.008834193533092286
0.00882554637730415
0.00883383871454441
0.00883187460598473
0.008844464149438541
0.00884475071639734
0.00883489127936636
0.008832027435814616
0.008847426548540586
0.008850925761640555
0.008853535800009478
0.008851399751477165
0.008870239262731736
0.008860716305014673
0.008856280914168138
0.008853792658040798
0.008846631139129991
0.008846828107476256
0.008844041693083617
0.008847937324961348
0.008866331508628209
0.00886778252591522
0.00887713828387885
0.008859812006254611
0.00886914937026157
0.00887214644215093
0.008871000624083462
0.008869404604242456
0.008855010885925512
0.008868117855381899
0.00889249697604996
0.008889238781786886
0.008881244792559535
0.008889422070836733
0.008884233684611928
0.008890816225134395
0.00889282910700944
0.00889020502530406
0.008897533592541916
0.00890552990703918
0.00890169719407183
0.008908273957575128
0.008918098785754397
0.008903041532814073
0.008902260417590246
0.008907674720223234
0.008910351568866336
0.008903737684065554
0.008904429093342343
0.008907807484092008
0.008885066254162096
0.008886372737899892
0.008896286482665534
0.008890380743099129
0.008890690247000699
0.008913210878940736
0.008915674796289658
0.008912037390964628
0.008910745853637096
0.008908144879748227
0.008907871810379015
0.00891333728748461
0.008916972946998631
0.008924734471554143
0.008913569000830528
0.008917549646455017
0.008922664550007729
0.008929436416667205
0.008930079784052058
0.00894323608662087
0.008942902128152911
0.008938426027569791
0.008935515241880887
0.008945396395917246
0.008928361037724401
0.008936668326773116
0.008955419489506554
0.008951251638933025
0.00890827461509942
0.008911449415323186
0.00896415570274708
0.00896506523651199
0.008972133523070686
0.008965699873485363
0.008962978374578092
0.008969566468973589
0.00897472077823507
0.008972181229659357
0.008979905963527688
0.008971197679427443
0.008966692807691244
0.00897368166341459
0.008973780100275823
0.008982254053979857
0.008976834324745529
0.00898062047939591
0.008981403995219623
0.008979431150598708
0.008984836201643625
0.008977813205250948
0.008983664625833776
0.00898341577286284
0.008978035013096559
0.009001649927099266
0.008998053703346175
0.009004042293791313
0.009003050543924645
0.008994570037611262
0.008994865663313348
0.008991796688303804
0.009000098474725205
0.008993741774940233
0.00898260146909811
0.008998390439430985
0.009005232602240485
0.00900055130020934
0.009003012761540665
0.008999310676028566
0.008999421475822231
0.009008881102353926
0.00870803923941425
0.0087124057177908
0.009011742831658289
0.008999604086959021
0.00901067228411308
0.009020492821264355
0.009035934473390204
0.009022319610828583
0.009020093177072292
0.009030684674750468
0.009025846933159446
0.009031664394071506
0.009029509315189418
0.009030868300150456
0.009026412232120308
0.009036379945360858
0.009029787724821782
0.009033663300540517
0.00902669180601319
0.009027613613373455
0.009025648960334743
0.009028222976584954
0.009020484359385543
0.009029653012334304
0.009021598514556231
0.009035034463680576
0.0090594617208913
0.009054032539640313
0.00904080419709993
0.009037275929884512
0.009054369367859822
0.009040017226315322
0.009046873437452184
0.009044053969902635
0.009034650914736323
0.00904927591425112
0.009058555045237504
0.009035423077529936
0.009060147530653045
0.009053960424512135
0.009050119175957628
0.009060448864744438
0.009075044852788075
0.009068026593294646
0.009060702070897491
0.009051857516677617
0.009045946486526738
0.009040317259386116
0.00905896454829614
0.00906491854512789
0.009063242830200425
0.009056972456259454
0.009059812352466128
0.009052619473906936
0.009068414414427212
0.009064815172029625
0.009065490195796375
0.009065016599425046
0.009077872092772384
0.009068002927726023
0.009069051637257422
0.009087384986381827
0.009076119707914481
0.00908721651138524
0.009079651024669875
0.009077733381339752
0.009097413288013372
0.009071557122156713
0.009070296688400615
0.009074388670443715
0.009079734970359264
0.009070768597328244
0.009066085702285205
0.0090656765474252
0.00905074079285658
0.009056437827897577
0.009062645428626264
0.009057708961059481
0.009055776044744461
0.009055770633474729
0.009055133827449699
0.009057785482580882
0.009072160704701985
0.009072972893228002
0.009084806595747895
0.0090921393395475
0.009116740655563844
0.009119180991452657
0.009112502649075243
0.009122430545977568
0.00911102506112843
0.009117382969176632
0.00913492377468445
0.00913958655065582
0.009137590531721102
0.009145293984447406
0.009145690786798126
0.00914074764218576
0.009143804053848402
0.009151269554253041
0.009152590481728878
0.009162277575404982
0.009152966963134494
0.009167053193698578
0.009153299680221235
0.009147724245142678
0.009153466118781617
0.009161844374435872
0.009162128994266086
0.009166879165547603
0.00916360083009351
0.009167061573434753
0.009174673163123266
0.009171179865605606
0.009185176684638873
0.009178103555126741
0.009171891411589205
0.009176327789505107
0.009190548181285738
0.00919771680827266
0.009191489981798197
0.009183250007225871
0.00918402541355678
0.009192643125933696
0.009195263206589158
0.009200069792223608
0.00920997913389911
0.009215667140190887
0.009211744765709726
0.009220776748970608
0.009215652654163985
0.009220221742095889
0.009212402048090405
0.009221802562511911
0.009216196526526428
0.009215942018169549
0.009215519319017873
0.009220087697601787
0.00922354661419583
0.00922693553184465
0.009232166879486558
0.009232932368466512
0.009197006130944176
0.009190373300980496
0.009192930146542771
0.009197903379449984
0.00919391243236398
0.009190462576099278
0.009191785661951201
0.009190038442686649
0.009206007696931659
0.009207661570220581
0.009204067236480075
0.009215364942909858
0.009216768252279336
0.009217366354260407
0.009211735827083239
0.009228666158374367
0.00923788774424472
0.009236099065754793
0.009225489879303056
0.00924052434563985
0.009238770993204243
0.00924045917837758
0.009231198263989208
0.009251865509561894
0.009240718189650712
0.009245550590444756
0.009252002499719207
0.009256992199023168
0.00927027140564221
0.009281271522993148
0.009283410733890359
0.009257777315980216
0.009255984007049555
0.009264937143632832
0.009267150298766978
0.009260952013556123
0.009277913640721223
0.009282731966069917
0.009278645262527177
0.009293136806056916
0.00930551794265376
0.009289477854258623
0.009277860445130518
0.00928613122013994
0.00927181748704075
0.009278380095193625
0.009300313048251432
0.00929762819648233
0.009302471246458147
0.009300345814760731
0.009296024239262313
0.009307850080353968
0.009311901383798053
0.009312987043223133
0.009315080274903131
0.009318534409766937
0.009321915910778288
0.009339044667342549
0.009316753141037455
0.009310744532916583
0.009320915646440157
0.009330988175981174
0.009339361479631568
0.009323241664416752
0.009330823867998427
0.009339194421167079
0.009322209409563168
0.009327423592992868
0.009351732921251202
0.009359341769838892
0.009350238433547434
0.009323927276441579
0.009331972927604258
0.008090661768840213
0.00803874822488717
0.00804450399586688
0.008044820466993823
0.008050429586841582
0.008054848737015646
0.008048804448063496
0.008052628224173236
0.00805227954344539
0.008051586802794497
0.008052795478327365
0.008051942301083206
0.008054715343141686
0.008057160794010365
0.008108266250708927
0.009372616042351626
0.009374574899250606
0.009368757119911898
0.009373666609163578
0.009371615002407598
0.009377341307035308
0.009389774332222678
0.009386695178011458
0.0093793408061832
0.009378020797192122
0.009383917633779099
0.009398697700701304
0.009405339331122222
0.009395564717651173
0.00940279025439444
0.009405949464500792
0.009385682842391467
0.009396439469353795
0.009409477889301883
0.009398637329057585
0.009413917025941533
0.009416869674887734
0.009425167104593063
0.009425363961971758
0.009423865593945082
0.009431260044387841
0.009423044380713333
0.009444576772297444
0.009451866039094115
0.009438104800243414
0.009453719856237565
0.009457809134262906
0.009446218774385711
0.009440633918214232
0.009439607662508724
0.009434186806738713
0.00945868340690001
0.009455509769859594
0.00945629056973987
0.00946023166981484
0.009476968711796954
0.009473461474807985
0.009477563893596656
0.009494474750138423
0.009481478054801025
0.009484433265383093
0.009490229570817814
0.00949099130529517
0.009469911595568658
0.009484699407797599
0.00948413931878329
0.009483176199830579
0.009487092177125555
0.009492028099360691
0.009498753977658382
0.00949663943682995
0.009516038580646403
0.009498441839199357
0.009502782829690543
0.009513700884443109
0.009510004579461204
0.00952067287845213
0.009512674150925991
0.009519673569888198
0.009523996736186532
0.00952288755687451
0.009534681983997975
0.009534867680443971
0.00953623000309625
0.009554587911257123
0.00953968815892699
0.009539671203252874
0.009553926935281584
0.009544357859699652
0.009550821280831047
0.00954622357948949
0.009559964364808254
0.009573760735733088
0.009568162974380992
0.009564396505072814
0.009569363699932614
0.009578706500964656
0.009573857141688465
0.009583799475576572
0.009582973913100493
0.00956798394508784
0.009563894979619892
0.009573650338462325
0.009589538971939336
0.009584925778688962
0.009594148344533291
0.009601510920744188
0.009595418837838451
0.009586120990293273
0.00959610543025513
0.009601719326697705
0.009616318770909876
0.009600077681409053
0.009619055183231381
0.009626644776731795
0.009608354914156163
0.009603506027089707
0.009632412990873085
0.009620951672574244
0.009605359704313596
0.009615064793507927
0.009622816322848938
0.009623242231826553
0.009641554474971378
0.009643298123049482
0.009630450760846013
0.00964286333262493
0.009655208088544082
0.009615332249863709
0.009623047397148463
0.009649306486213191
0.009653469680672527
0.009656221429333835
0.009655413017003185
0.009662465974887853
0.009669710035269188
0.009678323291430018
0.009702834888446614
0.009704569428187124
0.009694701083357331
0.009705744901638032
0.009686260522741992
0.00968229345932761
0.009566313018188334
0.009592490906572142
0.00971565441245708
0.009723620972672172
0.009714513107489182
0.009720641573618431
0.009722482251229674
0.009744179835049879
0.00972020561467596
0.009718124559768487
0.009721845104883841
0.009724971252351134
0.00972527439671124
0.009730626127538403
0.009731897546292887
0.009738093909482763
0.009726551987927849
0.009739991368693824
0.009736619062403943
0.009739491225452711
0.009749414826597394
0.009738156496713356
0.009746813767517246
0.009758465972107996
0.009749442095024936
0.009774660800750583
0.009774981124778075
0.009768242487624777
0.009785628644188289
0.009773344144867815
0.009774039127089148
0.009780480380542671
0.009796177589501288
0.009795590387492455
0.009807054473312548
0.00981097835521442
0.009833874217441845
0.009831277501048393
0.009827589025698115
0.009818131446618517
0.009816884365302021
0.008949514648111003
0.008958121929878337
0.009849637605908117
0.009852569914654498
0.009843078900952854
0.009841471255786986
0.00984995780680892
0.009855039964786162
0.009860771022047117
0.009855627604824838
0.009848918978736384
0.009854820842875445
0.009854044351508502
0.009873738119048028
0.009876149685167653
0.009874712403288327
0.009892845226237212
0.009883297944380412
0.009892144574306866
0.009879061675194362
0.009879400055479859
0.009883883546595194
0.009886151713455684
0.009884178486413016
0.009887274806725025
0.009897376384727128
0.009899990717708888
0.009892876764788833
0.009890415571842047
0.009912024505461524
0.009895113736879544
0.009903755580500669
0.008997887982148385
0.008997272931815755
0.009911549790775645
0.009916722215951843
0.009914759451563759
0.009904293277213377
0.009916049966479788
0.009939336224210353
0.00994421280623865
0.009952391071667543
0.009940311395244587
0.009936426264751335
0.00993924119528767
0.009938207268256543
0.009953368022303443
0.009939146069637188
0.009935741355660603
0.008002198318615608
0.00800237069769549
0.008917091109014195
0.00891532651783975
0.00996388850278796
0.00997855557714445
0.009985166886084654
0.009968497158382234
0.009970746631434864
0.009986581686065794
0.009986781463266295
0.009994622505965145
0.009984036710656272
0.009983843491972174
0.00999771137405304
0.009984535279577997
0.009990140124506892
0.010011364693533996
0.010006532095376698
0.010014853412970195
0.010040674666882009
0.010035837042383504
0.010037450847873901
0.010053496095190812
0.010059488904482612
0.010074546076155752
0.010091949853530171
0.01009115343842032
0.010102788063903113
0.010087001687040255
0.010089307325781302
0.010104463916337262
0.010100539438297083
0.010091904739001538
0.010091261157007144
0.010101819779220604
0.010105116812192462
0.010112463643526306
0.010117635208439425
0.010123842455250128
0.01012270205433121
0.010128618635637694
0.010114767185227348
0.010110449241284757
0.010132347633283707
0.010122352965359146
0.010136143474035793
0.010149056060783802
0.010149901083660085
0.01018152092571166
0.010224695794826637
0.01022594606135748
0.0102239332531898
0.01024304349872328
0.010269866712692895
0.009227383855087295
0.009158308830896003
0.00920927661069913
0.008813708144329852
0.008818938622251714
0.010324763134323723
0.010333224631302092
0.010323646308711321
0.010349293413337558
0.010329856465521434
0.010326287607973075
0.010313039149862424
0.010359386109243253
0.010358471746182651
0.00820347707620328
0.008156339804875954
0.008328270320612008
0.008338637517260057
0.008336664194309942
0.00835097742258705
0.00851620626221106
0.008513074835038043
0.008512371186646453
0.008510096269423745
0.008510685385454573
0.008512360095590327
0.008509114297266715
0.008513919823759033
0.008525721704743413
0.008524850167558645
0.008515205206993242
0.008526583009124684
0.008526212190564224
0.008522686520143603
0.008518073026912796
0.008528799452610447
0.00853645048999506
0.008526444044617257
0.008557616082552587
0.009077833464701535
