0.008211245928589806
0.008211170095466474
0.008215652513535869
0.008174130589060531
0.00816173307157716
0.008180145417599552
0.008194711264949407
0.00815981221533212
0.008134886114534874
0.00811605301535792
0.00821545645282836
0.008216260956221971
0.008199934246796985
0.00821511388030959
0.008216487976118793
0.008223892248891217
0.008213808794893534
0.008244251573944083
0.008243408556096078
0.008212017866713666
0.00820648883779985
0.008197449750855602
0.008215172587645864
0.008228294982499964
0.008207982132889044
0.008190462058363018
0.0082101396098522
0.008232899415006205
0.008284387481175022
0.008295513122911765
0.008245702927435273
0.00822807445488933
0.008227039773295506
0.00823852799746431
0.008272767803047915
0.008258454731835561
0.008259524923647439
0.008246537928833862
0.008236678152785596
0.008233708515240998
0.008275488782413831
0.00824904894084934
0.008266193195595854
0.008315214188444775
0.008272875499094135
0.0082731668010259
0.008248359502901509
0.008222214378133785
0.008206131077989098
0.008255769151014586
0.0082474084475772
0.00825466561340941
0.008273360794855217
0.008280964384713667
0.008269974298784606
0.008276155031771702
0.00828680948032906
0.008271658710756816
0.008278587081855283
0.008316862280136877
0.008263602979824005
0.008248608202126615
0.008226338505369003
0.008220279858420372
0.008297593184956608
0.008273873982542475
0.008284551494193547
0.008274911870609159
0.008294662800010158
0.008309636770418447
0.00828818524038197
0.008284396432704292
0.008308959247583923
0.008296130446657475
0.008279855292612716
0.00827790050783026
0.0082981533594169
0.008299321284632542
0.008237262335215694
0.00823728128248971
0.008348780935799814
0.008297937733865265
0.008285285319301998
0.008279690586145107
0.008294398487294392
0.008304579441747189
0.008272187720894079
0.008280818806925229
0.008279497765758082
0.008305121809553992
0.008308717910305873
0.008325787539870434
0.008338940312551914
0.00834598232443602
0.008343425934614745
0.008327041546047945
0.008369179769635155
0.008366550626029172
0.008287078959610748
0.008296514032721814
0.008305746424523211
0.008287094367018008
0.008286735404088726
0.008289863933830615
0.008294285465772587
0.008312424606181973
0.008309856288385261
0.0083403625107692
0.008339253078720405
0.00826365437827142
0.008269504933263705
0.008333223442740035
0.008284837917364708
0.008283859380585505
0.008325274031892947
0.008317722759709562
0.008291336082625375
0.008319987703794642
0.00825873403879181
0.00825885228541162
0.008338062269345015
0.00833622015314959
0.008312448512073781
0.00830051018549171
0.008326910673129944
0.008337851587013083
0.008293663942999232
0.008308499821439842
0.008363599714955237
0.008348278881088788
0.008335182971687317
0.008344619412161507
0.00837090563301088
0.008350385358207202
0.008363136912271373
0.008352040463132086
0.008357985339006231
0.008379854483047315
0.008408717766501586
0.008361392320897516
0.008336891976822604
0.008332159713677298
0.008334694168873846
0.00836024592903898
0.008337521551144178
0.008328772818245943
0.008331154315793777
0.008304943017723372
0.008346640456645864
0.00840425701716545
0.008384649585863145
0.008358948354026426
0.00837678741839901
0.008397359333413526
0.008401685572678091
0.00836948958554526
0.008352840283891102
0.008400744728544797
0.008389284383479967
0.008364698766425675
0.008345998510793807
0.00837050994068941
0.008368307645949032
0.008417058683884128
0.008406825279823832
0.008345224830289768
0.00834852767562541
0.008382514611854217
0.008370158111712699
0.008385102679777958
0.008408344719640153
0.008469741039719553
0.008439664850336537
0.008421330006976119
0.008409448830316987
0.008406152184657083
0.00839916410389343
0.008430086321666266
0.008453795188430466
0.00842425570010924
0.0083850843823711
0.008393616128626097
0.008413742837384061
0.008441286542353639
0.008465315537922615
0.008427765926254096
0.008374555001769174
0.00837270502318349
0.00847113655630938
0.008069639009611005
0.008053996295647783
0.008409475044217116
0.00845629754240097
0.008463840065722499
0.00841029496414241
0.00842511582245574
0.008478194032616763
0.008448076754028302
0.008410876644150585
0.008413420512294106
0.008425928499657412
0.00842275980153924
0.008428054567104451
0.008467294577426135
0.008483706434996173
0.008443418552383642
0.008408433483640768
0.008402349356659646
0.008406348378395254
0.008422056221736878
0.008462894156326619
0.008439280318742089
0.008399792975713144
0.008405096532005045
0.008440506969553854
0.008433595059146488
0.00840099778262957
0.008398214959186792
0.008411584131384438
0.008445181569673287
0.008452133181414787
0.008501437198184247
0.008459334444064638
0.008443683225626213
0.008429013956912883
0.008434816382738857
0.008428159256196568
0.00843057182400575
0.008452291897618772
0.008427145775430744
0.008422721585836717
0.008476079141862512
0.008465817028039465
0.008504610049064583
0.00839951335503456
0.00839585607159147
0.008398419082011756
0.008399763631993656
0.008457939646691613
0.008416709184070462
0.008416694869433838
0.008463437276085284
0.008466888850558187
0.00845822857294488
0.008487505666282183
0.008483216539780555
0.008468223298276716
0.00850599351224561
0.008465446264053952
0.008455991349646794
0.008485121278910789
0.008465340331355188
0.008434646105304778
0.008421111883850058
0.008512450189869835
0.008480068628892695
0.008413493586071805
0.008423423002024403
0.008492359976470548
0.008430350402023295
0.008393857047920747
0.008431497666514083
0.008438213959098577
0.008426546236237939
0.008395699458270192
0.008410081814415904
0.008465416806412043
0.008533155863536892
0.00850028383008079
0.00846644007035608
0.008457813478074862
0.008454776740756797
0.008431563794660459
0.008440950258367113
0.008434785423146046
0.00844974605500942
0.008501410181334875
0.00851147917618803
0.008497421274291194
0.008471176908007192
0.008483872189338219
0.008491755130412806
0.008520940927631825
0.00856842929848564
0.008552333051777966
0.008504142598022622
0.008526488079496823
0.008532335321318495
0.008543245954273805
0.00849233134865227
0.008522175026202948
0.008526192047686407
0.00850914701955141
0.008484377305413147
0.008478886362654845
0.008471871350116116
0.008478621673182384
0.008515042828667772
0.008547925671601555
0.008521605719461237
0.008491601959266458
0.008540456820148163
0.0085270453163144
0.008501706111384092
0.008494895602643427
0.008509647357707102
0.008520527586807321
0.008519649019620198
0.008530689636026094
0.008555187495510755
0.008563672020395588
0.008552731202181817
0.008568185418599418
0.0085579764536767
0.008545171916261618
0.00852539303103903
0.008538048563483626
0.008586017314313599
0.008571410706768697
0.008568611080354864
0.008576318617811012
0.008601132061929225
0.008614466764117671
0.008621617457130805
0.008627820725645637
0.008552910508141248
0.00852373641918455
0.008568844956578054
0.00863948396335003
0.008612961848003768
0.008578916117146639
0.008553030584305484
0.008560525209767461
0.008541255363009535
0.008551687583875185
0.008580782580027863
0.008544157822366085
0.008530780045367578
0.008552726397662011
0.008543084220128923
0.008563188007205295
0.008633792980678314
0.008588065437394165
0.008632121118692286
0.00863419065644642
0.008609695451064915
0.00860739026870575
0.008632245856912479
0.008616972892493193
0.008597509400821313
0.008581060823659201
0.008582638303558592
0.008570444862720001
0.008582534798062013
0.0085913902243008
0.008552978663495381
0.008564903132233678
0.008582496256677839
0.00858868157687229
0.00858801342653306
0.008616128278659312
0.008666765289736415
0.008657369803507517
0.008602922251846667
0.008600743312724469
0.008674411579104075
0.008677997374151673
0.008639371726150898
0.008605984220710135
0.0086176534318983
0.008667610712563967
0.008618443266550152
0.008605491296603106
0.008639683926203814
0.008663403691390513
0.008638125117844746
0.008660829554292246
0.008639899414030745
0.008653736913290827
0.00863927352145615
0.008668567331928204
0.008641486911872163
0.00862449529756642
0.008638790040473538
0.008663304696685428
0.008670355652718016
0.008654088502114809
0.008656585250474995
0.008677925474998092
0.008677044013191821
0.008645323258216124
0.008627103428825162
0.00865234817642666
0.008661862251738203
0.008670948721358172
0.008668508079036859
0.008700911996195729
0.008703142983167642
0.008692568595698301
0.008657218697061427
0.008687417868086359
0.0086889815243669
0.00867950751883202
0.008684866654514694
0.0072433930880159625
0.007612066676052854
0.007613191914935089
0.007613686426916004
0.007637751829050945
0.007612273008172974
0.007604612918241305
0.00763321926573788
0.007636540778141027
0.007595776769979575
0.00760129533709017
0.007601594859635989
0.007619257992596217
0.007613543236498022
0.007239192726611337
0.008683240039220736
0.008673607480267694
0.008736033948664335
0.008744113460738497
0.008711578458279258
0.008713947447856026
0.008718439961229788
0.00871301808270586
0.008760329013463929
0.008721004931259475
0.008667110568465445
0.008692601628237144
0.00868897517689582
0.008769172601200675
0.008745936217020264
0.00874358808449593
0.008787796503219475
0.008776828759939128
0.008748057370753475
0.00869451783305055
0.008704192159730804
0.008733898137142187
0.008737855521492924
0.008755926179986372
0.008796009345038405
0.008752680013318593
0.008761317819848565
0.008728635250404836
0.008717826184219237
0.008758339719401828
0.008737868328208645
0.00875834737194204
0.008718156716341727
0.008729885777039557
0.008768920516627386
0.008805058213797085
0.008748536018722965
0.008752711423207644
0.008778508648550832
0.008760728870367602
0.008801171144010241
0.00874546715474381
0.008743153539167698
0.008825882628938563
0.00879835799339302
0.00878354693934976
0.008766778909862813
0.008759926424339697
0.008776590130604197
0.00878859733612816
0.008767582600183621
0.008805835214366146
0.008768736324990175
0.008728807478025919
0.008762714459998813
0.00878032841191789
0.008773805330259071
0.008747523915133193
0.008751361107722358
0.008747507953404803
0.008800999069181943
0.008772606290569045
0.008783105707461429
0.008791401103619898
0.008813379265531229
0.008822091029549641
0.00883485886376291
0.0087987468075422
0.008809846508374792
0.00886329449331161
0.008829912321192112
0.008808641143991852
0.008810188495671525
0.008792681070797169
0.00881021492151814
0.008805106898602418
0.008853847620867111
0.00885421294621275
0.008831240893235665
0.008865234910340004
0.00887808285759274
0.008883821053088974
0.008892295915805648
0.008902303095156442
0.008911937320004766
0.008849369473497641
0.008867544952321437
0.008857775308599129
0.008847695475993893
0.008907318680682261
0.008912451702915427
0.0088813941190718
0.008884742549884004
0.008846639989262573
0.00884222900459608
0.008914640440834462
0.008906886053399694
0.008908511221191493
0.00890719631350869
0.008928332827774853
0.008915792413773722
0.0089196856713408
0.008912994727123206
0.008944174029270863
0.00894842202995638
0.008919990876515233
0.008892846746410098
0.00891573609670033
0.008893129387800484
0.00891004068429684
0.008939774478589886
0.008896117028511502
0.00888606171294313
0.008871418983400166
0.00887631449478458
0.008886234293319625
0.008872554987209317
0.008894548701107991
0.008932359411512329
0.008921338229868254
0.008922367898897535
0.008931889496291085
0.008884955271010807
0.008896839103747394
0.008947440736670259
0.008958321117882067
0.008954377855966355
0.008928885527904466
0.008809664997418486
0.008842865097199087
0.009016238135474242
0.0089885240552472
0.008943802606296519
0.008897837001572357
0.008982365705122041
0.009035334232814904
0.008951467200509032
0.008935430299533552
0.008905236063519402
0.00900815182663022
0.009030179213988894
0.009014257523313413
0.0089859101369058
0.009052899778027371
0.009030174804759449
0.008928026527978021
0.008939049655962695
0.008992157640606504
0.008986137439377597
0.008928929694151816
0.008909217587444366
0.008962946883384304
0.008957241549041277
0.008984764817213742
0.00897364287583414
0.008992556037643045
0.009029312769739905
0.00906728764920913
0.009038569413120883
0.009006758091383297
0.008979703897458828
0.008966199333750289
0.00896145602510215
0.00899395996286759
0.009072169047091615
0.009042145669001645
0.008992377946612506
0.008985954122672448
0.009088939765013003
0.008055099558741405
0.00805868165894952
0.00901394562580225
0.009001212975702657
0.009067922642302781
0.00908723794058922
0.009076414439463902
0.009069937331127514
0.009075670688025167
0.009062870519736458
0.009066339777404118
0.009015759000484208
0.009039199584787543
0.009055647031173316
0.00903527472789089
0.009077599608945408
0.009105868117348445
0.009060600568675876
0.009080320961262675
0.009152503468929466
0.009111826715970852
0.009112240961150495
0.009116838036470903
0.009089651403341765
0.009093763056453109
0.009080540346584294
0.009073972618539919
0.009122581344393038
0.00910057537865968
0.00909090528526294
0.009086366380402985
0.009094014556322215
0.00808972828343607
0.008100238064173988
0.009093836343771068
0.009109799493297445
0.00911610130737904
0.00913212082465574
0.009117174713500856
0.009060864051400538
0.009122179810294997
0.009102220100307487
0.009133244814245331
0.009135407518819118
0.00911376463635983
0.009121198810157998
0.009105936969867359
0.009112836658390164
0.009123553687102546
0.006984259959226585
0.006993532905088606
0.00793810189903273
0.007932989470536127
0.009195799891303692
0.00918032808676458
0.009089499544605988
0.009111754484675948
0.009157003061735157
0.00912252127649902
0.009138588528730618
0.009187538761182548
0.009144537989498934
0.009153090491846243
0.009185487581720513
0.009120457249731519
0.009129825927786417
0.009147712224470491
0.009168845730235665
0.009202609150444841
0.009289490312322948
0.009224725987999866
0.009207266343089809
0.009169623546436455
0.009190364573571759
0.009241133389420828
0.009251321058125709
0.009293458430514582
0.00927370593880224
0.009271241758969099
0.009298984619572423
0.009313812857451793
0.009278526660442066
0.009162375315430286
0.009171182592119223
0.00922725428026992
0.009227048422647953
0.009294687805944165
0.00930928829262614
0.009331189311623408
0.00934216307501066
0.009310096201896358
0.009286842128949363
0.009297001419506273
0.009276152363201146
0.009293659357165095
0.009307635825680702
0.009323157944644443
0.009352752670465992
0.00929565292107001
0.009315142193171318
0.009318748070234159
0.009315226898785257
0.00935225038090311
0.009384354808398485
0.008209848551939717
0.008542427092139062
0.008188102938764045
0.007727754656207768
0.007710590235447354
0.009424899243233259
0.009409187625804932
0.009413489706760652
0.00943668712782137
0.009387464184270755
0.009446583825556562
0.009444939011199492
0.009409944738951046
0.00939953511830564
0.0070819664233273336
0.007597832241650504
0.007876125169205186
0.007881269843986138
0.007878826429442178
0.007815642194687488
0.008070133788174763
0.008047530205925588
0.008044336813028631
0.007970170134887464
0.007994894236472394
0.007989937046779251
0.008051230527966613
0.00801284338032743
0.00802321198522717
0.00806878306304401
0.008044476872224414
0.008042826963889568
0.008073222769203608
0.00808142179090309
0.008076245734823021
0.008058799404304318
0.008058441240716516
0.008033497256496198
0.007843039901209957
0.008008170202227313
