0.007544963104618709
0.007563465447204059
0.007553926118718664
0.007473300509161214
0.007459923173501075
0.007513872015236828
0.007515933697454727
0.007534401020183322
0.007525237402115854
0.007522036440079445
0.007552932233126768
0.0074958566108919876
0.0075011568130759635
0.007516698591151861
0.007508271111814075
0.007518524084823888
0.007519910201162615
0.007520185360248098
0.007526056911982218
0.007510559877777343
0.0074934965189419655
0.00750072291886502
0.0075088432530096595
0.007536519118720472
0.007523770883309964
0.007484380117918648
0.007532463449069604
0.007545147426215217
0.0075035315540213695
0.007509992798995706
0.007503361786019714
0.007500264267594134
0.0074932180969768695
0.007485170510261638
0.007509447449476658
0.007519567162159124
0.007520856135130441
0.007520763219496018
0.007526209741560178
0.007502680525046402
0.007485783379088831
0.007495906994076319
0.007479462641672984
0.007479975721940626
0.007499789599058204
0.007508422903014443
0.007495962431011936
0.007509401018610517
0.007509874664810621
0.007491114412206171
0.007493665959345311
0.007511264257797851
0.007548153527613062
0.007555861615607606
0.007508110853540166
0.007507253711234433
0.007554736916068652
0.007478536912484407
0.007473249066875644
0.007506354416068146
0.007465041746890625
0.007513722679644319
0.007532699699590449
0.007518388525308351
0.007480253327324411
0.007493568653689617
0.007509537881735745
0.00753410760426774
0.007495761582300412
0.007518931133483288
0.007533625745639036
0.007525459289377033
0.007519665293631898
0.007520227568398067
0.007485662573976295
0.007478814745780502
0.007483883513756156
0.007508715341686217
0.007483743791739444
0.0075139464672263874
0.007531523850628551
0.007490100029212425
0.007491273063870912
0.007500804891455981
0.0075202904927788704
0.0074896422946059684
0.007487999448488063
0.00752087282625383
0.0074657447412071415
0.007526413540432049
0.0074623634608009266
0.0074606752316071
0.00747406103295909
0.007466059411619111
0.007473052277325268
0.0074822688345368175
0.0074552862017315
0.007506502446731552
0.007485374745562873
0.007485682563741285
0.007259030321939388
0.007272787296615577
0.007503914909091619
0.007507164091619428
0.007483643260802732
0.007464308441192291
0.0074608428458494995
0.007426232478593577
0.007468513254060511
0.007494336944547165
0.007523983600649002
0.007474256615816491
0.007440565017195814
0.007498777794565707
0.007522255271963816
0.007496836526910955
0.007511055510939441
0.007539589334304868
0.007537100171326316
0.007532351178640255
0.007520230821522211
0.007533846985145628
0.0074604966470718645
0.007457283287136133
0.007518811319909718
0.007555617229144014
0.007570195117324212
0.007516428442733871
0.007493702247880651
0.007506802749856021
0.007503931994167909
0.007527487560639694
0.007515999315604656
0.007499732197192471
0.00750002699774549
0.0074996090172341654
0.0074964263031907456
0.00748850494114666
0.00748664415031308
0.007436756845891704
0.007421449178204261
0.007461105375105533
0.0074905510529089964
0.007466802136839694
0.007467628579408401
0.007506901472486076
0.007472292467764029
0.0075251507115998845
0.00751181943505865
0.007462251739023016
0.007461255464405741
0.0074886085595581514
0.007503151188941819
0.0074563071898592435
0.007508870129274092
0.007487191758834561
0.00747424615067375
0.0075620647175382374
0.0074884670240600495
0.007470235502859836
0.007508314795899348
0.007524370722202729
0.007484574369079002
0.0074930202857199915
0.007484736606241185
0.007478679305890337
0.007463623237448052
0.007482801284472979
0.007482502118035679
0.0074890914208979335
0.007471834142610779
0.007483267859374104
0.0075085824224948305
0.007487318758520295
0.00750119518039903
0.007460975219243392
0.0074384416761612265
0.007440112258211653
0.007427495105579942
0.007459912494564953
0.007451321057097031
0.007469728022344161
0.0074803116822039105
0.007498000895548557
0.007469382150192923
0.007464404455632824
0.007476571499651453
0.007486691731453749
0.007488924455365151
0.007460065206108785
0.0074645803497337265
0.007474270463377515
0.0074679661479798804
0.007462410054811169
0.007462030058006089
0.007470288807230412
0.00745627523512258
0.007455303293634205
0.007481284066095034
0.007471518534707622
0.007506233845902485
0.007518616377000824
0.00747523101263367
0.007468421731072783
0.007449892074942981
0.007464877022450933
0.007495514096569847
0.007507013236659325
0.00743621554778846
0.007502250390181477
0.0074746419198676185
0.0075323841419776974
0.00755376120744114
0.00752710898172905
0.007499287319790604
0.00746144122339059
0.007424014714327905
0.007452974223641447
0.007427681486111314
0.00744184834451587
0.007478121303851925
0.0074353431474820045
0.007501629454095246
0.007548441841859244
0.0075362012771711335
0.007481350698052413
0.0074343683078720415
0.0074766580262097156
0.007498724604179039
0.007501574084819995
0.007465131500644689
0.007490099192557645
0.007489125033861145
0.007459532280595576
0.007473390919721065
0.00746782137641576
0.007446510847370255
0.00746041370201058
0.007438152582204243
0.007450940145138182
0.007461094244140758
0.007467178057158129
0.007428110760560708
0.007403021529883096
0.007433719432183588
0.007385735085407109
0.0074153422586383504
0.0074677329440363096
0.007417130512236059
0.007404729260356767
0.007468439367206267
0.007438620890737091
0.0074188256034132165
0.007434490457861323
0.0074517995083178065
0.0074639336817002265
0.007461848632511296
0.007496473614540133
0.007406533419130339
0.007433320111995042
0.007459484656944277
0.007466998432460539
0.007464051135249145
0.0075077630831011655
0.007497112831080826
0.007482115913421649
0.00750197803895552
0.007511214579130971
0.007492896689116421
0.007509462348971113
0.007541466267981122
0.007543723411592219
0.007512699201162373
0.007500665134801124
0.007348285113724326
0.007326856761881534
0.007371273055055572
0.007303316802762062
0.007344301297682402
0.007428978587335552
0.007391325883769109
0.007432676914878163
0.007386696345583752
0.007357282145996933
0.007405548682301972
0.00732082581331509
0.007364316278370173
0.0073374001800190145
0.007312842589535939
0.007329163448101628
0.007376716635778352
0.007357967024746086
0.0073326885600429725
0.007337575285413223
0.007344156473573809
0.007358292262611369
0.007340811176123483
0.007294560901757202
0.007280414911894688
0.007289018326265354
0.007322371726024076
0.007355708352544075
0.007292610242270371
0.0073331888926762324
0.007256855802038469
0.00725903164823782
0.007286696028907441
0.007335156433564793
0.007303677096044457
0.0072860782542389976
0.007237006173503831
0.007202596580381375
0.007263018769669606
0.0073119860563019955
0.0073154163089947585
0.007300128638321291
0.007312965898880818
0.007316193871145115
0.007256403525351216
0.007276827446445395
0.007279029433219268
0.007245097556231033
0.00723970515601588
0.007294232519305977
0.0072537605101445956
0.007264798833465161
0.007286491485391481
0.007241254686176629
0.007243440382581457
0.007275620155414844
0.007303162631751636
0.007342047099334463
0.007409058960498709
0.00738432555309319
0.007359030636274627
0.007410857388123332
0.007400567832228178
0.007370008543993383
0.007378814512186584
0.007429287035029292
0.007391485324724988
0.0073654340865038125
0.007428203980427372
0.0074282387262854105
0.007343528395276435
0.007338108317737316
0.007338494324383986
0.007338792570469841
0.007346927390110659
0.007387708505415934
0.007449956128586273
0.007438822099447982
0.007416907829853502
0.0073517753853409255
0.007293536448181159
0.007391705285304357
0.007390789273696801
0.007367030923833811
0.007374966769760896
0.00737095982796723
0.007327479303751396
0.007332109752927966
0.0073577597708181786
0.007347029654508661
0.0073554654862294745
0.007383028341399327
0.007371385961933598
0.00734093188819405
0.00734657624379107
0.0072941836654681035
0.007275419849791621
0.00729081207001043
0.007250918077982947
0.00729090397520521
0.0073740215649695995
0.007344961688651994
0.007366494798960921
0.007362360892755537
0.007337802720357924
0.00733478034428834
0.00738055640531089
0.007396251288918335
0.007292850380268526
0.0072840867483814
0.007376289869422224
0.007357492546878248
0.007308011586145759
0.0073499329075949705
0.007331876087312797
0.007321388661294012
0.007313218472605053
0.007349968122482775
0.007362073800256887
0.007314394703270864
0.00731907855295819
0.007312378129476913
0.007345454809644234
0.007355803802361369
0.007344339221450938
0.007364814904566823
0.007381249236675889
0.007392303924311872
0.007382043946645897
0.007367087679567063
0.007484029491081551
0.00764103297956379
0.007646103708863582
0.007655398543446566
0.007651851719733245
0.0076742309550427755
0.00764944629723539
0.0076516429566488965
0.0076520325172282685
0.007654189175808517
0.007651053907151584
0.00764807747160374
0.0076480449655894085
0.007645185369549657
0.007391884036988434
0.007282336058168139
0.0073446077294651805
0.0073352983425574204
0.007358337570174201
0.007350783868656003
0.007385100648069623
0.007322466350503174
0.007301594395933462
0.007293024196680285
0.007274029937824301
0.007325217726281657
0.007350828729393418
0.007302826277731036
0.007340416037980456
0.007320253056172461
0.007313333294095673
0.007283989310578222
0.007302058816385296
0.007264640335959475
0.007343086552441797
0.0072991184028998405
0.007159672194393707
0.007108451566272447
0.007270758660902669
0.007300748387103222
0.007287478076747656
0.00729236805912514
0.007253703132653955
0.007330504741280689
0.007268660557920571
0.007233793204870104
0.0072144823349447095
0.007278028131944592
0.007309474297337277
0.007254651641146083
0.007317572969078941
0.007323609417684606
0.007302295602841323
0.007326490816423718
0.007351689577763809
0.007261210038952279
0.007265936441455929
0.0072907218507615845
0.007306382581828695
0.007283257141447032
0.0071565645114507765
0.007217719986276015
0.007290820321855409
0.007235291626982823
0.007254451505293768
0.007281866637471508
0.007262842013032866
0.007291481269294833
0.00727357081092671
0.007294743387633301
0.007250852671884337
0.007254882145185156
0.007286181450475664
0.007267825319531356
0.0072078114699328155
0.007219292966960359
0.007295855129951974
0.0072726913151658
0.0072510308095503325
0.007258431781972
0.007286877534574662
0.007197771126785024
0.007210050281439225
0.007297660989566255
0.007310894647546088
0.007315743494124252
0.007270340141579858
0.007250160677482737
0.007265071831207626
0.007301610061814411
0.007270836717358965
0.0072323416924382124
0.007273229690368893
0.007227947770700877
0.007201425961176962
0.007232746217246078
0.007206409888936173
0.007205989159050035
0.0072131362461674035
0.0071791013710146
0.007210423674600932
0.0072262227886286294
0.007222108370222414
0.007246645551617058
0.007283520820822093
0.007274628990085057
0.0072264125792041115
0.007243029889362125
0.00723197831010071
0.007251678546096174
0.007232204960172579
0.007253968315210429
0.007248285933502103
0.0072143627160197645
0.007240784493843159
0.007198094926024227
0.007240312310771048
0.007215858137368517
0.007205126491824938
0.007207536657923561
0.00722764218065262
0.007223972095745856
0.007298890976302778
0.007278478980246939
0.007220848056091508
0.0071682988886918875
0.007214890357339994
0.007225308060832745
0.007280977079463453
0.007288421161053207
0.007212152088486934
0.0072051301687234654
0.007222706247176316
0.007219167532189783
0.007193434250022888
0.007155030252780288
0.007265992563373948
0.007221322167475526
0.007113962922794647
0.007172131925607792
0.007266906342046458
0.007204929189408981
0.0071901658343956785
0.007247129485450136
0.007212696814900861
0.007188918612130131
0.007188112822038743
0.007149480861740002
0.007192624780749441
0.007109314432162381
0.007184568276463672
0.007107791955631347
0.0071574056023836026
0.007096331255457013
0.00711729451009345
0.0072090043894666635
0.007210282692938499
0.007179119351003399
0.007241720583319594
0.007210678750175859
0.007242263041116456
0.007249452934220856
0.00723857911336515
0.0072227747580569
0.007144655603294774
0.007152188235270677
0.00723309869211645
0.007194921831150357
0.00719000023141607
0.0072062904222491364
0.007212975903254856
0.007174685680532578
0.007144101058359152
0.007214539784838178
0.007227657898114346
0.007190750151323491
0.007134079145779498
0.007184001539640108
0.007112706407650547
0.007131498824826658
0.0071290946365690794
0.007112684868290129
0.007158730704770769
0.0071965612768428375
0.007224128767908794
0.007042062606077424
0.006961327474699073
0.007162213726937801
0.007155262052312732
0.007143889336445875
0.007004147331895159
0.007070268285854029
0.007096659979242531
0.007107285408436032
0.007179247741165922
0.007209966225809279
0.00718518414776344
0.0071938090180853
0.007227375147905329
0.007164429679171485
0.007100206599226029
0.007137264305167075
0.007146744362868779
0.0071407128135212855
0.0071254153882479064
0.00706917076600584
0.006986134243804439
0.007026000591767566
0.0070085335316840535
0.007049018476741272
0.007125543576853919
0.007066706358828247
0.007177992257062222
0.007127760688370347
0.007132194387486999
0.007186328362959162
0.007239604659109069
0.007255779063991512
0.007213009960773434
0.00722699487640256
0.007206421575515045
0.007230741051743334
0.007268551732498134
0.007248648242588634
0.007257788459264985
0.007219911804017213
0.00724549378741451
0.007187416330136432
0.0071469608020929025
0.007241188075539283
0.007196357162504882
0.007177844617571807
0.0072333425682862915
0.007365581343146231
0.007358201516026001
0.007265328641410787
0.007220681716573256
0.0071434375719318
0.007186708857287991
0.007265751157355386
0.0072062787857911075
0.007225741831087783
0.0072699478553853135
0.007255914860100387
0.0072496492043112185
0.007259706013531332
0.0072563767470053804
0.007182895842937351
0.0072291265317868504
0.007207394854049858
0.007241972282558017
0.007192614367626829
0.007137596864331167
0.007093019536901166
0.007098940960558229
0.007205518980397654
0.007138378360107655
0.007146099483384191
0.007043154825577337
0.0070384325262359704
0.007204741337301564
0.007147235992575566
0.0070715661986617976
0.007058731589736636
0.007104495669525032
0.0071206303877890285
0.007045221352130317
0.007009058001745134
0.00712291026450276
0.00713126033665424
0.007092240662879951
0.007051217689044451
0.007100053077213218
0.007144707275742153
0.007168592330925062
0.007102141711998738
0.0070026980939702456
0.007078463309915169
0.007198155648630614
0.0071185433155065
0.007072158114823529
0.007112166417351402
0.007115419097389568
0.0070744230363934835
0.007121193572544787
0.006885362754714961
0.006751984581049533
0.006779931623377181
0.006868320574754527
0.00717480322454194
0.006961193897138391
0.006973399018656122
0.00658603218014557
0.006524822767667742
0.006844355167968557
0.006844125700782684
0.006961085967027642
0.0069479052291254294
0.006881205863261315
0.006947208246470481
0.007062549604522606
0.006965339458923621
0.007181813532050038
0.007640063687092958
0.0076076663433451595
0.007591865863398097
0.007569014585817595
0.007539495688530501
0.007511460068654689
0.007533431346056576
0.007534555363043622
0.007535181260106534
0.007566523396703036
0.007544892277112116
0.007559682515433012
0.007545113255404987
0.0075521444452396145
0.007517504319929825
0.007525896995840064
0.007529809300550213
0.007522709072793478
0.0075102901162560605
0.007536204751195055
0.007541237571299436
0.007557122248390022
0.0075624133443105155
0.007356323304053433
0.006948715170309235
