0.008369333837430836
0.008364833657876745
0.008355514269553053
0.008339295630095734
0.008331915816426555
0.00832789833396602
0.008318232412886348
0.008347654623087078
0.008374212302086206
0.008341439868959853
0.008365645292900873
0.008416440871863856
0.008410415713380581
0.00841627107063664
0.008393345782161662
0.008361678426977708
0.008380654961202272
0.0083570902855343
0.008360765527143111
0.008398396379032315
0.008427000271040243
0.008443316075625394
0.008413434450552527
0.008399640824391695
0.008382103476984972
0.00838004142027907
0.008399281009977513
0.008421010716227403
0.008400599700090824
0.008390514518420232
0.008406339429506205
0.008442049054617385
0.00843395613339665
0.008441774442693175
0.008420087347677851
0.008414454873870714
0.008421584346593885
0.008420151580954069
0.008399451028458158
0.008419635796827255
0.008455063314743232
0.00843455791008813
0.008466038781619221
0.008462711971637067
0.008438090377271553
0.008463500390976587
0.00848871829881525
0.008494855522598878
0.008478219865611099
0.00846651861209849
0.008417314556674113
0.008395308894557548
0.008430854138537587
0.00848570100463133
0.008490638272211259
0.008517642926680932
0.008463205235363095
0.008444796834960395
0.008466921623391509
0.008456812122631144
0.008439786889201767
0.008451805626618387
0.008422518546438808
0.008437962664277304
0.008466356806936894
0.00843653906594668
0.00846907949559519
0.008493557976070579
0.008477527848976093
0.008422119012091554
0.00841073465440442
0.00844811916647008
0.008450726107496928
0.008429537405833746
0.008435469515065738
0.008438447993426442
0.008462025666952266
0.008479734214417051
0.008502263517211998
0.00847363721785875
0.008472117774520943
0.008489724283315724
0.00850298582967311
0.00853926346097688
0.008540855656319235
0.008502331456417099
0.008488378896569036
0.008418906297385426
0.008434623035497538
0.008524119823761814
0.008542672304723858
0.00853812340922705
0.008524830986360725
0.008490949288768966
0.0084652906789826
0.008489769301263519
0.00851070303469476
0.00850139815103145
0.008470648684705822
0.008475041289314382
0.008487375561964982
0.008477179985732317
0.008491180605231295
0.00849342598077035
0.008546217404738545
0.00853543554497396
0.00851673346204006
0.00851512254680651
0.008489276572006257
0.008500316603514085
0.00853045915993569
0.00854801571796302
0.008530922954227348
0.008532707336493249
0.008554912524298219
0.008535038262712655
0.008496812933063171
0.008508346147548381
0.008532529645964222
0.008543075238598695
0.0085070131162928
0.008531379320162532
0.008543376630774058
0.00853910378021434
0.008545873518419714
0.008515130780672545
0.008517080059268952
0.008540827588448421
0.008580363780776173
0.008533091701075067
0.008522471461163052
0.008534424976894365
0.008558740628327262
0.008514294767887698
0.008508194318553298
0.008512118203703782
0.008503743116980628
0.00852496802425549
0.008559213208568174
0.008550759863883147
0.008555591603122723
0.008535890490634537
0.008543611312749019
0.00859328711441776
0.008611891142949512
0.00861215325519818
0.008637021880183919
0.0085581203478459
0.008563973935093512
0.008627408563285179
0.008607340376478518
0.0085931311371955
0.008596938525317852
0.008614580685512368
0.008572122961909642
0.008548013002875778
0.008575426873072386
0.008615465701166853
0.008598076614945457
0.0086104102717102
0.00860697541501662
0.008591541937883038
0.008585185350399153
0.00859453455946286
0.008643960768040316
0.00861462276658697
0.008560112685135316
0.008560736716505977
0.008574049264673487
0.008625114358355123
0.00860827387631797
0.008614230361260515
0.008593969782693504
0.008598359501673898
0.008657342646441761
0.008637061189255004
0.008616633068622743
0.008599404356806842
0.008636065192383358
0.008612013197878332
0.008589757049489062
0.008634995562986148
0.008621247566051725
0.00862523237472894
0.008611214075861028
0.008596796391302418
0.008626733571513414
0.008643045717439153
0.008697513342422598
0.008375337991258697
0.008360167950580009
0.008656132279737735
0.008670934332608786
0.008678958461462726
0.008668935879305421
0.008663391850013816
0.00865706900859664
0.008628233121310905
0.008612295594006437
0.008674003799846562
0.008706612706917829
0.00863475125749964
0.008607934259600252
0.008668016577391037
0.008659912896174321
0.008625138773668854
0.008613112635488814
0.008634642084861225
0.008667373865188979
0.008630324207179877
0.008661252770005384
0.008667450937860284
0.008652239017155065
0.008677505297109615
0.008653291887946578
0.008647651485989434
0.008649577450752937
0.00866831775824065
0.00866592785880398
0.008608201064586594
0.008645014049476483
0.008672889078694245
0.008694963787120985
0.008661794891539253
0.008622215999444268
0.008648979603928318
0.008652236313648956
0.008632027399329412
0.008645391319254462
0.00864190201055281
0.008661491020970007
0.008713096820346574
0.008675180929533153
0.008621336598204724
0.008646692594389337
0.008719401968015116
0.008702748309859088
0.008672427747747409
0.008700357524669706
0.008691227640777947
0.008679193089720122
0.008674369260470084
0.008662877799971313
0.00864973473100135
0.008677782289978108
0.008732185135937365
0.008675072537859008
0.00864371634490769
0.00865335737781787
0.008626661628018603
0.008645306712206447
0.00867504286165181
0.008724417377896695
0.008717631474564289
0.00870496198310521
0.008644346229486373
0.00864905790479614
0.008653418841748068
0.008696881924069453
0.008682846390328928
0.008636677449515667
0.008643169846585958
0.008678456538305786
0.008645996080421993
0.008652491227629809
0.008649401203503252
0.008639167161062751
0.008655174123002507
0.008658182909666726
0.008645958841999507
0.008666167838180455
0.008673318016439576
0.008646241868472133
0.00866263220564062
0.008713063773836245
0.008719344944197899
0.008741335927715504
0.008751741742344476
0.008719365274698986
0.00871683364040327
0.008746871130507032
0.008718646616790969
0.008732937885542896
0.008735302108481684
0.008713851337832137
0.008682546257106247
0.00871332416876432
0.0087863567997009
0.008769819494806815
0.00876946190238931
0.00872861946798104
0.008722397399523869
0.008756269061478875
0.008756522076057361
0.008739749870259361
0.00876073689593314
0.008784814908786012
0.0087664374806088
0.008732969597632702
0.008751687239979045
0.008746533413029695
0.008767532928802784
0.008830580691074416
0.008809093318940775
0.008788541456973494
0.008745282342683812
0.008743230939242737
0.008801930239863084
0.00878678315579877
0.008789402387702601
0.008798155012012608
0.008757139358584763
0.008794289312531183
0.008821184874616151
0.008783312298349916
0.008775038418758953
0.008755871600811248
0.008767858778804516
0.00883527891744004
0.00878868175070871
0.008775948122753383
0.008817334382542417
0.00882231190988905
0.008802238974046384
0.008799526684500283
0.008805893470001125
0.008815215969905699
0.008784540828719578
0.008784971746395356
0.008819797718455313
0.008759555231793859
0.008760973874960536
0.008770531740526324
0.008775349579282617
0.008826909718653648
0.008794850028543999
0.00879801290665719
0.008806295890236855
0.00879194569236044
0.008809649826045006
0.008830546079257843
0.00881315106485522
0.008799429427824685
0.008838303560024303
0.008816772980864631
0.008813317540132763
0.008810062530716542
0.008845670350640765
0.008808862295570083
0.008821782445927382
0.008854057049691685
0.008835098202910749
0.008842237649000807
0.008806178016357372
0.008807940843903022
0.008851351481256894
0.008863253814284003
0.008886966041280666
0.008884249190363446
0.008865281802721859
0.008818164603485862
0.00879803124421378
0.00881054475234906
0.008833589708798288
0.008856501639809392
0.008885445649535393
0.00889491644241874
0.008870317808215117
0.008873775500559301
0.008899549546023018
0.008862261471839218
0.008899636970294994
0.0089119237873951
0.008933005302379856
0.00894219296787987
0.008901802203739397
0.008897878036962093
0.008882836275764933
0.008864075858901156
0.008903499439925211
0.00893074883183122
0.008897620636755327
0.00894761577423569
0.008928169693643743
0.008907852326873687
0.008908270404654393
0.00892958214931425
0.008922022658105691
0.008850326001768199
0.008844324555790572
0.008905814318646788
0.008896142573138905
0.008924923614558067
0.008946104383236918
0.008923018436680481
0.008913130181795749
0.008963579478166641
0.009000766748947195
0.008979403614995184
0.008974166692131415
0.009009810350568258
0.008998189328195584
0.008934018249120908
0.00893449322309147
0.007762114770700509
0.0077171650933557405
0.007719973870662747
0.00772605028214217
0.0077555731752111945
0.007762325574473614
0.0077489424918148675
0.007747916656573678
0.007752851442188279
0.007724153950193703
0.00772600963806231
0.007725397766471494
0.0077337688949470716
0.0077342549406904035
0.007784427227003026
0.00889769818082399
0.008936640839583435
0.008952342814310206
0.008932791698374406
0.008885544598618837
0.008917548960422314
0.008993988294581196
0.009027764245989415
0.009022700893362661
0.008953840580332523
0.008917375245963668
0.008967360835407081
0.008989661317373089
0.008948071756027553
0.008983835049669908
0.008998519613029594
0.00897982395541654
0.00899881072206755
0.00901760379664145
0.008971277002020571
0.009006064608197067
0.009038425354740193
0.009026367204919571
0.008979690979122568
0.008973666341866419
0.009012349064704364
0.009040241754416851
0.008998884444195257
0.008979075275534192
0.009041431672624344
0.009019801961874187
0.00901715169802512
0.009048310750220804
0.008985274183421963
0.00900425971787043
0.009005325630144312
0.009026282362539322
0.009012639140214614
0.009007955757919572
0.009025296722517163
0.00898268846266151
0.009010515041763662
0.00904865786676332
0.009060493383656531
0.009061545349273272
0.009057097946237574
0.008984180889636104
0.008979075097054175
0.008984893844311968
0.009049603354575247
0.009059952219582628
0.009043645398018513
0.00907710962908138
0.009096128865681341
0.009078870848421369
0.009068304370970611
0.00905036792192611
0.009049404885374862
0.009124071033389993
0.009078473047244896
0.009068173409102551
0.009071043969478625
0.009070864609386374
0.009081783942227029
0.009087768242152447
0.009104181259668987
0.009164846909880033
0.009091543822922285
0.009057021655436013
0.009126850719310197
0.009155404930041555
0.009074898318810268
0.00909250589115997
0.009116894103495261
0.009088911849351676
0.009149458060707535
0.00906427331407642
0.009077277224479346
0.009142940341251411
0.009163923548353053
0.009167818167435966
0.009156611741107473
0.009137063741563546
0.009183956376305116
0.009134879867906296
0.0091109542953098
0.009116933188716906
0.009106995997800207
0.00912708874922717
0.009167884472787645
0.009158655080000183
0.009153091599660573
0.009189627620061357
0.009163013300279714
0.009149296848804441
0.009193258816623046
0.00920604590301786
0.00921471980158448
0.009158080961238503
0.009140185453390707
0.0091962098307605
0.00919875483780448
0.009173826018243982
0.009143711277360264
0.009144111774491528
0.009188704225744781
0.009190876480688597
0.009251322185678201
0.009246215463966862
0.009162338297313286
0.009158847403943451
0.009170939113523634
0.009172397571906505
0.009179134309501517
0.009183989287214289
0.00922955997593632
0.009194340041349149
0.009183112124092386
0.009220649374753828
0.00920989508233239
0.009226704784186995
0.009203440468527467
0.009251340212862943
0.009267350128418788
0.00926088285735918
0.009285437966155732
0.009195079314651385
0.009190930348664087
0.009151596076459479
0.009123105758823214
0.009265682949020032
0.009271264868965136
0.009236602069004368
0.00922539938172484
0.00922471344961974
0.009271377570245529
0.009307667447385624
0.009282641034064489
0.009251843392830998
0.009247262001343707
0.009309367282226406
0.009338230682050775
0.009287238543722535
0.009293177666609516
0.009311604948921035
0.009300538127619946
0.009325706183465895
0.009370470831032533
0.009326029064570045
0.009285264696428899
0.009288843447671934
0.009292423640292322
0.009323844755172379
0.009359041074529803
0.009331704070530413
0.009309862637759602
0.009375023690112531
0.009325722275503082
0.009331099363734625
0.009346811816888166
0.009310956674244891
0.009290503341997542
0.009358009816113008
0.009373423906151193
0.00938897198461699
0.009349328614425799
0.009334758342171864
0.009370900779234217
0.009355773539298522
0.008602393303778098
0.00858914150758352
0.009349438471104567
0.009401460499939736
0.009425703993843243
0.009365673400478957
0.009385829903448805
0.009388199519004466
0.009316494364997896
0.009305941552187684
0.009368497919805558
0.009416056478935165
0.009402464303798218
0.009437071987181836
0.009393387439934021
0.00941641551011675
0.009457205151263838
0.009389203976620991
0.00938575185564939
0.009410268078106084
0.009368987528085002
0.00941461652355194
0.00941821261210599
0.009409581536349205
0.009400436804548107
0.009435454435473025
0.00943694830344382
0.009407208032040584
0.009408270997867323
0.009448830063383347
0.009484658219937792
0.009429573780038156
0.00858757061556179
0.008602212715613174
0.009452147833761984
0.009441536614239613
0.009405199715480305
0.009364792540424102
0.00937588961861574
0.009464596922989526
0.00953875697005888
0.009531155568217283
0.009519057034800897
0.009499205860170902
0.00946895438891249
0.009455536460682494
0.009471083902111415
0.009497935397195754
0.0094962291288589
0.007687757560186663
0.007687232700865578
0.008532605856749406
0.008554333904963393
0.009497324982569392
0.009498821506278687
0.00953293333092135
0.009481808861624696
0.009502953027822007
0.009496859012978004
0.009473740608599018
0.009497683165706653
0.009503641465426765
0.009538173657213262
0.009533958496666698
0.009537045618820962
0.009515542208464286
0.009546457617387035
0.009592227102592289
0.009590960215460584
0.009567034309861874
0.0095495924245003
0.009590255898235636
0.009572007325971642
0.009551374599125022
0.009553501844654849
0.009587556731786647
0.009613737179539226
0.009658617424795131
0.009623406720435422
0.009606632520088152
0.009601626857243315
0.009566265910776847
0.009569290572088733
0.009606726418709301
0.009626547128610644
0.009647683804577017
0.009555209154304247
0.009555220854538578
0.009655719509315286
0.00967286243233167
0.009670412970289064
0.009693904557222579
0.009647506416852733
0.009670230497130528
0.00965796440367068
0.009642256221743549
0.00974015754855197
0.009703901228505894
0.00962890001313518
0.009693271321731672
0.009683190406234594
0.009697156293939961
0.009742118411295691
0.009763125184256477
0.00881579079297689
0.008804800376886725
0.008822929904750216
0.00841758378374695
0.008399033462722704
0.009803590716428839
0.009873702030773597
0.00986331028357171
0.00987752642099916
0.009806291670183313
0.009829001922813324
0.009872126136471133
0.009888932571533693
0.009924288133778963
0.0078878624007745
0.00784636916197909
0.00796259855609382
0.007972957495883665
0.007982793180879936
0.008002491267337836
0.008178895960786981
0.008207407294572337
0.008197890122957558
0.008173667046311443
0.00815441398390108
0.008154861015889994
0.008164093668438744
0.008169509696299546
0.008158010006411788
0.008156822851707452
0.008144421199125073
0.008125241688116491
0.008136075888279201
0.008160139458605616
0.00814310211772477
0.008158425853565791
0.00815482026985502
0.008161363190116571
0.008205085453291074
0.008651264657287681
