0.008085953801788578
0.008067505411483938
0.008053365805709808
0.008003759054080566
0.008013380672361325
0.008065791966599614
0.00807463525978322
0.008067665532903194
0.008073431475760878
0.008072557907964517
0.008069169686993389
0.008082714020153934
0.008080531477502957
0.008073917702771669
0.008078889997972932
0.008069180957504163
0.0080745026728369
0.008066921880067255
0.00806179696622571
0.008072209445276672
0.008069249666378306
0.008072116254004854
0.00807688194280926
0.008086488449457621
0.008075310184094821
0.00807317214735922
0.008062223467366224
0.00806104379411604
0.008050296619138982
0.008064832145537451
0.008044678757619052
0.008069294891010353
0.008057202557458816
0.00806613663666571
0.008053966867722244
0.008050622932536625
0.00806060422019755
0.008062894201976936
0.008050245416221761
0.008047427910590892
0.00804352546474543
0.008050711132137784
0.008043454552197748
0.008040289875592474
0.008066366562351285
0.008067483612698196
0.008065309644116756
0.00806852858527405
0.008063814119832235
0.008052190292784624
0.008047293295234887
0.00805553036521344
0.008070145709648667
0.008075147477820304
0.008074983581137495
0.00807611862227264
0.008069321489192522
0.00806044008419091
0.008062259328278991
0.0080749607988356
0.008075200975562821
0.008086639302452845
0.008075541602015783
0.008088296081597756
0.008061622868235611
0.008055204922207038
0.00807374784485463
0.008088253596490094
0.008095212521735977
0.008080496145778444
0.00808817797417023
0.008087545633001458
0.008083157411887048
0.008072489806100041
0.008073973994465062
0.00808730615314683
0.008081956576774577
0.008078548860153516
0.008057813496760323
0.008080232745896606
0.008089647801574814
0.008078391015872322
0.00808849999257005
0.008072489309829239
0.008075934712572872
0.0080732312287517
0.008070787109418418
0.008069189393515332
0.008072708481812525
0.008066922130322788
0.008072222499409264
0.008073766037646177
0.008059517633964845
0.008071364285973617
0.008066554966284195
0.008061879018539875
0.008062694247508578
0.008085567364073563
0.008073856006275089
0.008071072043585398
0.007849958512760649
0.007851145479761885
0.008084931269966403
0.008085864993371269
0.008095189991125068
0.008087508076020579
0.008094883434613773
0.008099265574000706
0.008080485819619138
0.008067052107604687
0.00808213137275507
0.008076125054964824
0.008095465517352777
0.008103387016726511
0.00808527137280375
0.008077140084933423
0.00809961240376887
0.008102378465118357
0.008094788991776807
0.008107296042486221
0.008094001247018642
0.008095326754356817
0.008084395554252237
0.008100922616992665
0.008100916789292742
0.008106213891136313
0.008096350284387157
0.008088843218437653
0.008086073278870438
0.008098290121123277
0.008096809733062118
0.008088753873925967
0.008096901365793262
0.008083614488565207
0.008098187617472089
0.008071203802541317
0.00807580665167751
0.008082582693630783
0.00806191107580033
0.008049172339175402
0.00804880488531599
0.008083577878917853
0.008079223402460926
0.008074045700626106
0.008074899384799064
0.008082621558220655
0.00807771766919922
0.00812574259542403
0.00813134036253811
0.00808354830934927
0.008076869040705068
0.008080843047830511
0.008060022035017643
0.008077767844284923
0.008067499381180064
0.008077448612582602
0.008083731853776715
0.008080261826609501
0.008100262193090478
0.008082704540366975
0.00809482850034914
0.00809776848437515
0.00809251206052158
0.008088292270257454
0.00810003767338205
0.008078622809870631
0.008070122262368763
0.008078638429480612
0.008084345797862288
0.008086458829202081
0.008069525212616602
0.0080707667157936
0.008081792526808665
0.008070205390223219
0.00807234794220924
0.00807077502932626
0.008091481005284324
0.00807517136075549
0.008077493866967472
0.00807998962225605
0.008078827074869309
0.00809390599358799
0.008093031412057373
0.008093750276567568
0.008108532430168413
0.008103263977678143
0.008084181751849195
0.00808992969144221
0.008094387146915046
0.008011764249375303
0.00803111707541507
0.0081091582475708
0.008096275312079395
0.008093813573588656
0.008106248569210666
0.008103146235773167
0.008093135083950875
0.008087682619876971
0.008107594687437773
0.008114069233558447
0.008093415333073636
0.008103234836709713
0.008100396068546487
0.00811031743344444
0.00810195429405628
0.0080897450698187
0.008102966947760708
0.008108029177692062
0.008100927295271383
0.00810800124284994
0.008097426288259456
0.008116522741563607
0.00810983923951551
0.008105073398075965
0.008097802635726218
0.008092224759060499
0.008091406018616656
0.008092327256167388
0.008114869046006189
0.008101275489925843
0.008099176894783042
0.0081073478226564
0.00809390828800739
0.008121237576372361
0.008117387633192764
0.008106809273912706
0.008097589732456997
0.008092983820500744
0.008098642787641325
0.00808623608532651
0.008096758023842486
0.008095179445218712
0.008084993969219897
0.008082947585266537
0.008096743323872887
0.008092959055486163
0.00809197299215645
0.008076416125412659
0.008071008130151228
0.008075381529812438
0.00809617360241312
0.008064866627677818
0.008061196975400212
0.00806970255677389
0.008069089089554622
0.008071871272860584
0.008067062900698434
0.00805999950865266
0.008065799911088186
0.008076660602812376
0.008074518954123307
0.008085022388708826
0.00806252858889152
0.00805866702491615
0.008073006469944034
0.008073714397040233
0.00807702021539367
0.008082335080892823
0.00806639473873931
0.00807506890464414
0.00809093819239662
0.008114157693311629
0.008123467732389346
0.008139803518617665
0.008131177872775371
0.008112828630603041
0.008128514418487944
0.008155293399939518
0.008154431005595817
0.008165687206640411
0.008176214233390659
0.008192576838165433
0.00816348395250433
0.008140364064799809
0.008093337948726085
0.008052208252080311
0.008036349261998052
0.008037685880721948
0.008042231885220442
0.008025435968562998
0.008045656016331388
0.008070132579211086
0.00803856175683837
0.008058604025371199
0.00804058072027262
0.008047818708296494
0.008036833930006206
0.008031184462465727
0.008021040131879894
0.008019821750396842
0.008040251937636834
0.008004081928919316
0.008004410153263064
0.008004718743847629
0.008011376479907946
0.008018256002404597
0.00801934706368831
0.00801436045846329
0.008001504960984167
0.008002168946734674
0.007999681137521185
0.008001933159475625
0.00801283904306401
0.008008031699096717
0.008030895487441172
0.008014238454293407
0.008027317472123584
0.008004076478823815
0.008001709599323925
0.008012693436435679
0.007987328243735447
0.00800366889916309
0.008014438798450763
0.0080004171304806
0.008008078760773354
0.00800037855734745
0.008000827413859183
0.007996614700241876
0.007999354428554538
0.007996596553931442
0.008013496433654317
0.008000045849029764
0.008015982779293532
0.00799915206507181
0.007972195310493887
0.007997655157386393
0.008013522828393042
0.00800609087129011
0.007993383039060118
0.007988963523536613
0.007998264338200771
0.008041049381726999
0.00808541167030177
0.008067409715924073
0.008056749244326629
0.008049685217365526
0.008062419582082462
0.00809183303874129
0.00807734413767007
0.008081755336433604
0.008088707013304509
0.008088731105945057
0.008077417944209577
0.008095983759199068
0.00809803122125329
0.008073416815734438
0.008095060146224799
0.00809304454110828
0.008069056524043184
0.008095025213557573
0.00810195876878069
0.008092427869171468
0.00810807183292458
0.008111574495494944
0.008081846393758113
0.008097800231918317
0.008084183193949946
0.008074722079287224
0.008087536308659167
0.008087014529928502
0.008094211885149456
0.008079755839813563
0.008073985595729102
0.00804427075292909
0.008051128609842587
0.008081059780151022
0.00807621759065244
0.008069605385678321
0.008076758049136025
0.008075455322624377
0.008039990424754012
0.008037371279677859
0.008051988320307794
0.00805450618960516
0.008073243094655156
0.008090463869799804
0.008081330120293915
0.008063819837239809
0.008062680017454938
0.008085734141769373
0.008079766167268266
0.008077239437176323
0.008068560803137151
0.008072992093906781
0.00807470593685973
0.008066225499642246
0.008061177581843257
0.0080981656091849
0.00807423870101478
0.008080052368501034
0.008066699150810234
0.008074804494333341
0.008101191526924342
0.008112120557495552
0.008090890870622008
0.008111447459504099
0.00809186453411632
0.008104180582024063
0.00808731529406267
0.008072161282749304
0.008088020044843184
0.008103114969048366
0.008084807048226892
0.008087231486408613
0.007990481529471759
0.008000760684032406
0.008002290902828894
0.008005012763187864
0.008012912947429101
0.008001618245225007
0.008003749384759925
0.008002607183892643
0.008002987940504322
0.008013509339932001
0.007999942033032705
0.008003538236381641
0.008011890214166475
0.008000039229975562
0.00797806497572787
0.008087328595681361
0.008094888760875737
0.008100015461745477
0.008102731873830834
0.008106316973484396
0.008108640429726428
0.00810075495681217
0.008064219906941086
0.008103929594585939
0.008078681790174418
0.008082622119479282
0.00807675616599661
0.008073754198607265
0.008079479487861621
0.008070652690669517
0.008058321802554766
0.008078561695007975
0.008067379971683043
0.008063185132874708
0.008085453845154049
0.00809062521268564
0.00808570628221055
0.008051472152798807
0.008047489038892495
0.008079010082881588
0.008083284910400893
0.008051395293007895
0.008073466300148453
0.008057652382898723
0.008066336409475544
0.00806223258553701
0.00804865913458051
0.008080278360395265
0.008063265653811044
0.008070095616709674
0.008071030588437106
0.008103783174853352
0.0080904909549699
0.008082746783889526
0.00806373831772307
0.008067726718576362
0.008056464054212975
0.00806740895975082
0.008039684744007502
0.008083629966689355
0.008082185878152081
0.008069828703981775
0.008058627618780371
0.008055023087732666
0.008087652660283164
0.008077359874986582
0.008062690045700661
0.008075793259245326
0.008065913586911366
0.00808410714903743
0.00806740156268192
0.008073924529560631
0.008085632580082226
0.008071880003277203
0.008065878696785036
0.008056202264100464
0.008054912863537534
0.008068147111753897
0.008050936436944996
0.008064981979719044
0.008058422022815773
0.00809885672378647
0.00809818673479562
0.008075735012690483
0.008061374225144477
0.008095428288674926
0.008066809743741962
0.008064194441618435
0.008047609044163469
0.008041831874488045
0.008043911230835686
0.00804792521434305
0.008063573327847908
0.008071393633300315
0.008023078214917774
0.00803449223463467
0.008041410833495079
0.008001521976564126
0.00804728453304635
0.008056861184055672
0.008054447832488067
0.008031337293449667
0.008052356599032522
0.00802016208014659
0.008044038549704627
0.00803977806909534
0.00804623306004944
0.008030835085443461
0.008015842407236184
0.008058962224675554
0.008043118147135372
0.0080218330344733
0.008041689425036812
0.008027811772906365
0.00804474129447125
0.00801673418395297
0.008049731090188594
0.008041258295344913
0.008064535904272687
0.008046778919241321
0.00802395445078896
0.008035513670851159
0.008028987160198939
0.008001832731377244
0.008031345479567688
0.007993063072279226
0.008003297188335286
0.008033647713699875
0.008052448529111562
0.008061735431118327
0.008052513784776769
0.0080486501496505
0.00804940699338956
0.008039386366719477
0.008038016188935767
0.00803928806992844
0.008055464471498748
0.00801449462849258
0.008030496945171927
0.008059068100683565
0.00806590087051351
0.008044880397253146
0.008033712324899387
0.008053858420442182
0.008061845062573512
0.008035810765443114
0.00804761405192296
0.008028430031513132
0.00800116355785268
0.008009949779185666
0.008036553636062314
0.008042466291554222
0.007995978601141233
0.008012460011615836
0.007994967558041181
0.008043398558168987
0.008025535052224845
0.008048821102514142
0.008068737121614206
0.008068250707810861
0.008051276715393461
0.008042127888388038
0.008063014295875784
0.008043010452818812
0.008037503335083651
0.008030370841074587
0.008058038711733783
0.00807169103599775
0.008077756739436313
0.008046329820507115
0.008035370400985875
0.008050305743737855
0.008049852861441557
0.008060846041559057
0.008067687276323841
0.008057168655551571
0.008024102991292754
0.008055915402925327
0.008037718593944131
0.008010141194537699
0.008045335204959739
0.008038857953022043
0.00803721068414151
0.008003195300356742
0.007930694206971995
0.007929209689281406
0.008030844100345798
0.008017839465439111
0.00805000908103387
0.008031612880032573
0.00801346256601258
0.00804667938967517
0.008040986846795299
0.008052997693112837
0.008039704718622124
0.008035016021320429
0.00807697789286516
0.008065498513113634
0.008072180964696486
0.008057623389050892
0.008022544700589064
0.00803630898079342
0.008043841105907432
0.008038705947374668
0.008007446940382716
0.008012690053002439
0.008007551272655
0.008010399103545505
0.008017123700515319
0.00802382035616206
0.008056826088315795
0.008046948938901935
0.008029163925267657
0.008038037028608724
0.008081035248202006
0.008082998929375846
0.007991097587281433
0.007990655567215742
0.008050805554678825
0.00807585861537101
0.00807349306563694
0.008086205265418327
0.00807980812682787
0.008090767387459195
0.008076101572000225
0.00808319210065092
0.008085666820319231
0.0081001572298516
0.008079527299197234
0.008090109947784578
0.008104840240624068
0.008113969959557687
0.008088866236485356
0.007947817545426838
0.007954217603211838
0.007967131377622042
0.007965573308944011
0.008107187909136341
0.008104623640646713
0.008121173768774583
0.008112857020196056
0.008111723115356177
0.00809881440702195
0.008113687769200904
0.0081301555081925
0.008110107589550008
0.008084169712997353
0.008098352778172809
0.008074717859211378
0.008125036201147615
0.008109245262464022
0.00809302643943454
0.008116029433169723
0.008041943292018806
0.008059051306840762
0.008089475627346488
0.008059572495019207
0.008074703166866502
0.008047524353919375
0.008042583609957889
0.008077984925322693
0.00808574705644231
0.008059862998066008
0.0080813049157503
0.008067511437049348
0.008071751515696257
0.008083150592724526
0.008100645896591962
0.008107073898892921
0.008095976762168253
0.008083708561010542
0.00810413430073645
0.008122439946014403
0.008117948214637826
0.008100825081182591
0.00806445488147836
0.008057248112546607
0.008098645268858728
0.008147352350942157
0.008107400967693301
0.008096629316771931
0.008084185201334304
0.008093321161368587
0.008105976744948945
0.008106736121949835
0.008040011136600723
0.007978354831205988
0.007927981690813875
0.007830139198097618
0.007912591999355997
0.007830081531849558
0.007817375501748961
0.007651405514257578
0.00774657528680009
0.007969908872127666
0.007912784931638935
0.007971374546590913
0.008011801967586623
0.008001258560264313
0.00803588520173086
0.008091544138819956
0.008102437137002903
0.007959602169803787
0.008048436364817942
0.008057955849499835
0.008057314440531486
0.008044604876811004
0.008038004282919007
0.00802156972334521
0.008036774164240501
0.008035657755334545
0.008031296112203714
0.008040792876345574
0.008040228862240434
0.00805154430729348
0.008044447503588393
0.00803343595577627
0.00803278958526121
0.008033914661246817
0.008036449243506763
0.008034773918025147
0.008042902656936902
0.008037064668296921
0.008046697128101793
0.008043799104727781
0.008040366278789218
0.00797599547153982
0.007940263614134135
