0.0051790484403513685
0.004904057983824292
0.004949921721304689
0.005104088514608213
0.005293102564430156
0.005177548079109234
0.004911572150757366
0.004862428839935631
0.005306529444196378
0.004991745604132676
0.004567921448696079
0.004574144256489597
0.004769308633216449
0.004702164702049982
0.005396420367704084
0.005303254338972305
0.005384497755561623
0.005354493546474895
0.0050621748425844805
0.0051450686751372205
0.005187870113773156
0.0053547873097647075
0.005302273391297375
0.005096077665126479
0.0049767053334598774
0.005071345688961926
0.0033886088592496918
0.004505765948940456
0.0036664987039023264
0.0016216584424383065
0.0016392129783132214
0.0031148583119114583
0.003192247944838725
0.004211616310210133
0.0037681933183848705
0.0015058984071107597
0.001563135388761454
0.0025933683122322283
0.0028636551395473074
0.0011026352666373288
0.0009508037236766678
0.002986537775678057
0.0031517753834700694
0.003408694810002194
0.0025491119206640604
0.002451999553336389
0.0031125226498689303
0.0034913050217578053
0.003494529547515009
0.0031788764868575852
0.0033910897697328438
0.003418490148364312
0.0035013322200221054
0.002797140723130668
0.0010758082812816873
0.0009734310288968389
0.001994230691287615
0.004336996049108146
0.004511207781298311
0.003229342739781441
0.0033130435481067617
0.004885761695333665
0.004591013178026549
0.0049291434594217086
0.004693832016883464
0.004541475539509689
0.004922451020270814
0.004821056120005181
0.005009059356297616
0.0053971738984897035
0.005367670224182871
0.005500199664282729
0.005452280895621359
0.005419610986838253
0.00538917729423478
0.004946673125827711
0.004917546719169687
0.005193735532649783
0.005126633644106617
0.005177588749566002
0.005204232244474197
0.004931651348305255
0.005174000695095678
0.0013926915088160832
0.0014130356699651883
0.005066922942942567
0.005220473271173641
0.005235861512813263
0.005208970454373123
0.004440838317955966
0.004145459235449639
0.004946962057010079
0.0052645312947632965
0.005332287650491833
0.005108806219167093
0.004872377357840062
0.004759722883178103
0.0048353584461714415
0.004887689995853227
0.0035642655312865556
0.0036697063239326225
0.00407628001394101
0.003531105226181093
0.0033474363400055013
0.0038600940044128465
0.003961112594456641
0.002668553702682326
0.0012232987210895293
0.0012601486590071917
0.0030432198388062877
0.004038767920868648
0.004818161423656059
0.004900843205426536
0.004784916440279697
0.005045440297934762
0.0050066240094529075
0.004094992330628561
0.0032886168951482934
0.0019725610703612826
0.002309977324200901
0.0021159911968445435
0.003677796569564213
0.002008795143430591
0.0025837642015692167
0.0012121864351879118
0.0010261628600350134
0.002033261606608943
0.0026514959180234674
0.003648670349224866
0.00402364270334227
0.003453078866713875
0.0017385891611905002
0.0018600940247093948
0.0041763968047182475
0.004140697791979596
0.00500908949850027
0.004250468391750423
0.00458733931087555
0.004737699114676736
0.003535144613489256
0.0032842575497701175
0.004514871633162797
0.004035953575948434
0.004216374147893006
0.004242543172457061
0.0038559362180849936
0.004199543828714902
0.004250457758301714
0.004899979553683193
0.004604140568286732
0.004292374294052692
0.004400405950288829
0.0031508135678767054
0.0033150466807607202
0.0034597791710222333
0.0015406353595040756
0.0015681850526364691
0.0033419748401768545
0.003836026006536616
0.0016730796171894819
0.0018584482461662328
0.0023968906371952593
0.0031556483517851445
0.0037566990728416334
0.004314560703202318
0.0005766688968297822
0.0005750773936925818
0.0036641503800636794
0.0033620116701956588
0.002778286023432323
0.002408711483241144
0.002806704546575201
0.003931473811675287
0.004067729544858798
0.0036183568987668106
0.0037171253804575053
0.003850499916717104
0.003572396282239088
0.0029294299041202772
0.002309594130597956
0.002647100846366148
0.003488444517980551
0.0035482438080910368
0.00348809593587237
0.004377770405041087
0.004038396629047429
0.0039053026207775013
0.004008965104952899
0.0015362027159183296
0.0015056918414965042
0.002152140248727914
0.002484905875366508
0.001053412509065979
0.0010963960387513007
0.0013214127378266935
0.0032363831005743525
0.003175436399839334
0.0036658770321186525
0.0038452913854726185
0.0037015954059234873
0.0031238476142735473
0.0030316655578793267
0.0027476592372758252
0.0023141646120316793
0.0017376105991105681
0.0029769608532401936
0.0024221318304790615
0.0012958161074180792
0.0019546911571409085
0.001079020450814508
0.0012760142040608297
0.0029910850444516512
0.0026706275022656697
0.0024795205120474754
0.0024116659836798415
0.0017145314120564491
0.0017243829828637652
0.0014716294321537042
0.0015966770318418461
0.0018134355505740774
0.002323457850404305
0.003706145752798958
0.00391446440846779
0.0034698091886005726
0.002450483352531321
0.002294449874397511
0.0016113510320503004
0.001325493027661023
0.001308606593538413
0.0012058303459239173
0.002058770023165237
0.004120922314523614
0.004329057528448503
0.002359335743629404
0.0025703403314117613
0.00326665297340846
0.0036727383431763706
0.003899491759117663
0.0024652300950530268
0.0012049759260434863
0.0012449858566524977
0.003380335474115547
0.003820744656924011
0.003870424945653201
0.0038097423683878997
0.003795662753506793
0.0037265152475411266
0.002240882090786225
0.0022514850224535643
0.0021864502392260933
0.002370540174052454
0.0038306981983176097
0.002880575416438259
0.0031479041233237973
0.004130832023857574
0.0046731183084980825
0.00465929381122991
0.004536776054982913
0.0038449683824243125
0.003913684706604369
0.0037945024519426816
0.0029968672714358823
0.002820537021311589
0.0027293876650792623
0.0023028040292240965
0.003120046509451848
0.002650608965411883
0.002729518875092635
0.00419975338568334
0.0039808208520636665
0.00417595660853718
0.003896803538302277
0.0034261078863518177
0.0032873055475890678
0.0034938342068270736
0.0034909080066896866
0.003623966602715752
0.004647084396573773
0.0027553880018194605
0.002807078189277081
0.0031678733646949443
0.002470768646736714
0.002826857536953416
0.003780581234822176
0.004706489773530943
0.0037827287142478895
0.0035951044994065105
0.0037189741687591485
0.00462789654299543
0.004387078832374163
0.0025215449198774807
0.0024307458981590088
0.0020493670468775564
0.001909096755919771
0.0024704137746662134
0.004115333577330338
0.003199997958474042
0.0014417347973302436
0.001396793249665994
0.0011977058765098288
0.0011732169270427667
0.0031976283012779654
0.004310284172503903
0.0032028663921120078
0.0033676411885394156
0.004016673299726033
0.004076943520577537
0.00456618527932981
0.0025169275012772788
0.0026415979293554007
0.004544288495802688
0.004530026524777207
0.004392429815781847
0.004177849603482794
0.004627552815862575
0.0013793904139718228
0.0013919814472980775
0.004592595043071132
0.004579800410654627
0.00468396062016751
0.004742927019167055
0.004654075886538311
0.004623640740355381
0.004616584009167015
0.004681417936389362
0.0008963702570371795
0.000876283525100022
0.004352151314180079
0.00467769619685212
0.0045439225291542765
0.0045893393973507005
0.004890194752967779
0.005104346188555881
0.005264889042663104
0.005297405251513511
0.0052604708726154996
0.005075270350445697
0.005175959730926184
0.005149134262279865
0.005132348517666648
0.004971786855397723
0.004911464733800607
0.0049713819608518586
0.004961516952015524
0.0050151621364572
0.005152696545541049
0.00508042989123955
0.005012556485688756
0.004837445667813826
0.004819792699966915
0.004862854172271126
0.004995980744140567
0.005086839681080949
0.004991223997270774
0.0050466668626519395
0.00490575657351842
0.004987410547157181
0.00508074852881091
0.005049100456201841
0.005086514042667386
0.005134547824540451
0.00502163049517424
0.0050693084150144115
0.004973046922794307
0.004985293170943551
0.0049225544280716745
0.0049152415636777354
0.004956882301923755
0.005041368974056003
0.004670406029247367
0.004447964756893666
0.004577289983365668
0.0043422402682133775
0.004419081123076643
0.004848218612045815
0.00485270662730061
0.004464366944395468
0.004305227773310021
0.004530397196271601
0.004346458711253808
0.004292801434133862
0.004293650548398504
0.004313744963537976
0.003862645473827751
0.00336776167227292
0.002927975688329591
0.0032233178754230494
0.003367051904223193
0.0034687932127178147
0.0040119698786275386
0.004028255354579259
0.0036596660285987855
0.0037903588063505633
0.0039018987172376373
0.004006134063282179
0.004093975225155467
0.0042713375580993385
0.004267665379207624
0.003852322665352825
0.004154543156361137
0.004303712100010604
0.004440591951211078
0.004391309254065441
0.0044655722706205435
0.004157829413019671
0.007392395410835403
0.007372673933758119
0.00738591218745631
0.007319940690706885
0.00733190060420841
0.007382584958572318
0.007384479080605842
0.007374336448053023
0.00734769054545731
0.0073410896360900785
0.007354821271438735
0.007360853177362628
0.007353744613771762
0.004132439030210875
0.004235285266049437
0.004132088154759901
0.003956804837461446
0.004306757748222418
0.004509949485693385
0.004810406221561235
0.004592797036063122
0.004568760341413627
0.0047244234339202384
0.0046922376358906805
0.00475595618202301
0.004503297210083201
0.004412735004030599
0.004554957579407253
0.004574798001226437
0.004474362655459928
0.004486807205975393
0.00443283340142632
0.004391443389956074
0.00449575877966965
0.004387108282087509
0.003816073706190813
0.003313606810690778
0.0032534750701509415
0.003314020014212499
0.003211976205730962
0.0033792409446818097
0.0031600877435321185
0.0027964863778731325
0.0025687958218769008
0.002590419522291334
0.0024710318545128895
0.0026067822374886197
0.0017897852088007717
0.001900004750231754
0.0025764720173326494
0.002818299098542267
0.002129742407957758
0.0007970618274827379
0.0006883819650016487
0.0014567026878906687
0.0035560883682027177
0.003901827501006635
0.004067799196552091
0.003932926928028388
0.00399814908971278
0.00402622629442844
0.003959828245667749
0.003611325748159423
0.0036937082599806615
0.003867881926881433
0.0035918047783369328
0.003500514850602138
0.003999553894344479
0.004696080285601662
0.004512865746261888
0.004597839729459675
0.004775043534578264
0.004725768355402749
0.004756486091694389
0.002747045221574947
0.002706359708174492
0.0042826207256589175
0.0042499567173634786
0.004409617470604282
0.004435419942536314
0.0045562541680968195
0.004675822456165946
0.004741857028798742
0.0046322364021215996
0.004628419165656438
0.004433415039409838
0.004604306620966109
0.004546415970922146
0.004568657839815943
0.0045639627175636695
0.004589985008666333
0.004764577413924172
0.004812276956528527
0.004564095554012306
0.0044838320654588685
0.004763927278947819
0.004803179060382872
0.0047882623369569915
0.004824733746817193
0.004915978608783968
0.004801517782120102
0.004723098295948919
0.004651367168904816
0.004656599068024823
0.0047542794273209435
0.004680505611970863
0.004665913692620687
0.004842299232125158
0.0047368425199464164
0.004624923438210891
0.004706933630905261
0.004739911582994529
0.004760768837991851
0.0047801533171392095
0.004686614565089485
0.0047203582215913815
0.004745702228812774
0.003644614694903823
0.003741336660613711
0.00357808617851894
0.0035947565220520402
0.003946810011615333
0.0038777435903247417
0.003906960278764583
0.004186506567548566
0.004273353610503933
0.0040067458125825324
0.001702301655683431
0.0017211818915045557
0.004641568968549783
0.0045060373240272305
0.003830693401605561
0.0037908889000952506
0.0042989561280467395
0.004430497175086102
0.004547187828527961
0.004486685421545949
0.004538471835576836
0.004514151474768508
0.004353173201374666
0.004314623341179618
0.004307102671001239
0.004356997089650083
0.004331426858644576
0.004097045901050455
0.0038703390839052868
0.00414626062209164
0.004048572902237187
0.0039380191141064735
0.00404489798405479
0.004308873874535451
0.004024155360695506
0.004084520110846924
0.004158208314546784
0.004012030058266854
0.003881070280915267
0.0039096998644793934
0.003916313692808956
0.004230084120032472
0.004422057937146105
0.004460159027938593
0.0043143018478401865
0.004290827586823234
0.0036176424810752486
0.0035927870243503937
0.004525900405381713
0.004455690030094832
0.004290359058581968
0.0038765577680820985
0.003889173238112993
0.004181193317795075
0.004403755572918319
0.004393062782575689
0.004398862692684472
0.0040055268400420625
0.0040245885370440385
0.004180127702012129
0.003935306181486539
0.0038740501741016094
0.00441702266107157
0.004288627952965576
0.0010269008217597465
0.0010456294610653148
0.00356456949671986
0.0038418386876151217
0.0037132065453711555
0.003716323780410944
0.004213732046719842
0.003951475891161552
0.0028962262358933188
0.0031528480979444006
0.003375553878332166
0.0034362971407853582
0.0037383226785343646
0.003998633028194348
0.003908129059068404
0.003933486848551785
0.0038987544696192913
0.004405821018244095
0.004420667315800003
0.004391691590530054
0.004354573537985259
0.004298035833459378
0.004476395796559093
0.0045367818361502004
0.004349139364106261
0.004348057083875951
0.0040970673810588314
0.00402282071015972
0.004073912663165017
0.004272209660587282
0.004096424058095512
0.004144480278436389
0.0030015363764352974
0.0026633856826749585
0.0022687370280506545
0.0032173766972838987
0.0034847514525817897
0.0022349018872449286
0.0011633793322395093
0.0006251366101898484
0.0005871143916415036
0.0019629111671249744
0.00199573851763043
0.003246180584666017
0.001253069189905892
0.001535791566210332
0.0015784457021475328
0.003077229372285968
0.0013970388000124857
0.0010790661874014943
0.0014686608613060635
0.0026643849976171873
0.0016785667800818253
0.0017515673603539178
0.0007723535622028624
0.0008389071992100408
0.0031981203937895253
0.0032200548149837827
0.0032791345761377026
0.003403855101833157
0.0033404340838276685
0.0034346931222610532
0.0033398573090390685
0.0033839713424057972
0.0034886482257476866
0.003446609207527801
0.0014510672760966437
0.0014241193096758192
0.00378311437093826
0.0023178495254139782
0.002116623491797499
0.0029700630588233696
0.0032369756752566622
0.0022889778842689027
0.0018874665793091896
0.0026226809660542774
0.00188869400306946
0.0016668793460761495
0.001185744452265134
0.001175803068517279
0.0034468338438188957
0.003189575469040071
0.003416324114892183
0.0033699023679167905
0.0032669171164415685
0.0032987862805406673
0.0026810416426052215
0.0024383141658601754
0.000872717035175729
0.000864671203626084
0.0023290930734125004
0.00270415881956956
0.003936457496858791
0.003968728246697443
0.003506072569216505
0.0035119020394328133
0.0038583258062222163
0.003972084328869463
0.0040783875886779486
0.004083312263400905
0.004006731877666937
0.004104590754784973
0.004208875714049742
0.003398888859974011
0.0013194467447452756
0.0002744959951854469
0.0002450547198495995
0.0050124782195990715
0.0035100600806294772
0.0034036182573349573
0.0031720998746661683
0.0033727892431425956
0.003664443521972695
0.00291496583934722
0.0028637855055254134
0.0032206435083665655
0.001979287857526625
0.0018454639313744442
0.0007045349897125275
0.0006742945982648772
0.0035963856947177505
0.00621104891857299
0.006012579836165098
0.006186673973082013
0.006390373622930252
0.0039517200541947465
0.004021242477806738
0.0020309528914807884
0.002033841092294789
0.0034711352853420627
0.004260684008249472
0.004054231475453538
0.0033063247853471556
0.003270014388141364
0.005750672343422873
0.005684439323434351
0.005682589444414649
0.005740866578093033
0.005707478884059788
0.005648074883546326
0.005590668976354909
0.005514943069964774
0.005490988624138119
0.00572489293379837
0.005127363232329838
0.0035165169572422615
