0.008878102593011729
0.008870618142919067
0.008875330134290819
0.008870749118148771
0.008853192985764948
0.008863680541202667
0.008877111361742266
0.008875062643179835
0.00888920346864026
0.008874159878136938
0.008882889203688606
0.00889173429586466
0.008895395598999625
0.008900066565047769
0.008896245789744954
0.008889873034918807
0.00889628511108104
0.008888957589129096
0.008897322041401087
0.008901368258274082
0.008900368432303215
0.008904015737491146
0.008913460107372123
0.008894817231224612
0.008899748851355785
0.008918632768743058
0.008921595163396377
0.008937608451752468
0.008944731081386235
0.00894557918561529
0.008942384641883315
0.00894102022845355
0.008944931841521463
0.00895453524669865
0.008951286129547953
0.008953187582047564
0.00895992443179568
0.008958225603760691
0.008961252059163675
0.008957456548585114
0.008962260065907215
0.008955969758360428
0.00895782316579517
0.008957649740214613
0.00897374613830224
0.00897014941877406
0.008964156692053101
0.008968964031023277
0.00896489721565195
0.008979794550661892
0.008966655732333819
0.008979859967793671
0.008972615237270982
0.00897668784324867
0.008977162481930683
0.008972779950245676
0.00898148035711425
0.008969407957053064
0.008971955674030096
0.008982702528046898
0.008970541059551073
0.00897232814929118
0.008973086754272745
0.00896942682728895
0.008972812026721646
0.008972825292582367
0.008980861359108349
0.008976383730183134
0.008979945164659976
0.008984836915981252
0.008990537225425034
0.008983966245470328
0.008982117638135194
0.008994947050384386
0.008993799892232313
0.009001327950774895
0.008994203310532195
0.008994476857552235
0.008994116389912531
0.0090000246419034
0.00900970399447492
0.009012708649173225
0.009015171635890107
0.009014569012456182
0.009022245230446209
0.009013670893501536
0.009012865295558963
0.009008865952318002
0.0090013078367759
0.009019432694978242
0.009022560587728346
0.009028475168768134
0.009014192257485688
0.009033408783317196
0.00902583802889409
0.009033160047389228
0.009029349519641345
0.009022497715345471
0.009022187668067982
0.009038388562236826
0.009037683352492543
0.009035796857474557
0.009037434730429518
0.009047168573849513
0.009044065947008944
0.009055881149673383
0.009050048941113619
0.009062673909227298
0.009062931641670331
0.009069016987817657
0.009059954532244
0.009078777675531466
0.009053183508317353
0.00905904927941533
0.009051737962479073
0.009061704873669252
0.009049637659790626
0.009050660201895587
0.009056621510639727
0.009053875805045835
0.009047837715715032
0.009061736544742894
0.009053797777829845
0.0090574681968385
0.00906221469028606
0.009072228778473341
0.009062562803985734
0.00905868155533713
0.009068252633386358
0.009069767675470984
0.009073752637438773
0.009085202551961635
0.009074754386167231
0.009071770127331227
0.009080425022490615
0.009082494684700283
0.009097002380017807
0.009088855179332394
0.009089599982412227
0.009092501946075584
0.009099159405501411
0.009101926153705236
0.009089155471362142
0.009104174130361275
0.009105883744975493
0.009113424802227939
0.009110578381648709
0.009059108510833084
0.009063262160112549
0.009122537698182354
0.009120067609543142
0.009129635512556371
0.009119534880898866
0.009128580782017117
0.009124599932787102
0.009128929812647278
0.00913149973782687
0.009140854940058014
0.009134408584563415
0.009129369014710795
0.009138089294537414
0.00913914496486056
0.009145056223634337
0.009140839064622203
0.009140287850561358
0.009149649604945841
0.009151498930768453
0.009144471144763402
0.009147441776136305
0.009153500750306324
0.009157372485132365
0.009154001196681208
0.009153727877887916
0.009162662807686841
0.009163570413464994
0.009154717264683901
0.009156751199520797
0.009169752651787464
0.009160216863339348
0.009166592818613668
0.009169839228419885
0.00916042751415843
0.009160361001018896
0.009172373925730394
0.009168447939661432
0.009160496583766128
0.009183097525096167
0.009184132881291928
0.009178685113460512
0.00884989551223645
0.008850259221903547
0.009180719829839444
0.009179163182127971
0.009178845438828184
0.009185579616321335
0.00918657253627641
0.009176695175111424
0.00919138918515826
0.009187525538709386
0.00919445745339857
0.009190134902549775
0.009202958668599878
0.009192820534108768
0.00920707297644208
0.009196731302212201
0.009190245216702283
0.009191690909362287
0.009187864913632089
0.009196614266764724
0.009197989659160364
0.009206919637657664
0.009204486665417264
0.009205049567171898
0.009206289966223143
0.009199728550907045
0.00921956733407611
0.009219164892554137
0.009220889102440661
0.00921857988613354
0.009224210494272009
0.009212117451195037
0.009208422539012271
0.009219350610861389
0.009204435431969226
0.009213541929555027
0.00923944655795953
0.009229125134522074
0.009229550170989113
0.00923549800128045
0.009232105489332473
0.009234347166241056
0.009233904954008769
0.009242642771131956
0.009224645833047645
0.00922542056364408
0.009241775314680505
0.009234477640513335
0.009229500678102352
0.009231731322701163
0.009223402356767371
0.009245184365764651
0.009251085241462315
0.00925435608911404
0.009243506599895243
0.009248394675315331
0.009246356273966812
0.009235518223988272
0.009241053659589134
0.00924619160374033
0.009247339315518804
0.009237847427165656
0.009251744447123268
0.009261730666907225
0.009257042877314907
0.009262223307727874
0.00925840501752297
0.009251250462022177
0.009260404505063193
0.009257843873354382
0.009241044253982094
0.009248403334553585
0.009242669078778127
0.009237687827545252
0.009240066978824442
0.009251090238642302
0.009254731084615947
0.009230787275602462
0.009245281017072898
0.009240742829907314
0.009240125783226468
0.009241257311122691
0.00925685241884826
0.00926622156307905
0.009277554019564727
0.009281384899360668
0.009303849235648066
0.00929949086172088
0.009297486448813161
0.009291343538692449
0.009306630258822945
0.009311040753116817
0.009316487423268602
0.009317733979305475
0.009319360914532407
0.009339268331273312
0.0093249311055354
0.0093212024888764
0.009328598644461023
0.00933192836554125
0.009330091660524805
0.009346941512129798
0.009333969555076005
0.009338960836672126
0.009343510779673722
0.009345046456889541
0.00933720903070982
0.009356036285320725
0.009356683994878589
0.009352297047616469
0.009351325091069002
0.009361049711351896
0.009369489250578624
0.009372828275485296
0.009373834824773329
0.009385998794081238
0.00937464085703773
0.009364220185606028
0.009374488103920829
0.009382783134756528
0.009382018758223995
0.009391934636986399
0.00939247083768319
0.009396092884300983
0.009391784932931467
0.009388696683630567
0.009388753431810445
0.009399520567309784
0.009404279933757066
0.009421915404647884
0.00940972615385091
0.009413358797232553
0.009423540398680971
0.009410685059316507
0.009411021177476872
0.00940778493486943
0.009409882791298068
0.009417120565213783
0.009407663924584982
0.009425040524227121
0.009408239062631451
0.009404871428453202
0.009385562457169892
0.00939182413318988
0.009378306716683509
0.009389351996141335
0.009391485753206643
0.009389297758908692
0.009405366537838158
0.009395484666278818
0.009409087129807205
0.00941484300204033
0.009401076238712076
0.009407073103283153
0.009403002848700276
0.009418598443384241
0.009421806994407252
0.009434800740628912
0.00942827538587963
0.009448908786223502
0.009438425690025678
0.009430318029246034
0.009446507794015188
0.00945203464678224
0.009453426837207232
0.009455396521998036
0.0094530360515871
0.009452994571361421
0.009463109888219533
0.009466654131136516
0.00947287495780041
0.009474752058343344
0.009468943554262815
0.009469217488032665
0.009476817135854724
0.009467724703189928
0.009479721392932187
0.009480054365723804
0.00948059479360628
0.009483467938268384
0.009490620174022918
0.009490622610857995
0.00949069147096058
0.009502505647333336
0.009488639241391579
0.009486436555657464
0.009490699524660902
0.009490419710832247
0.009492522119587714
0.009501248398510355
0.009507677337423638
0.009516215209080284
0.009525102631014006
0.009523098395727934
0.009513709054917548
0.009523196088905518
0.009522400496485287
0.009521540462372701
0.00952022731869294
0.009524235856930898
0.009528897566233614
0.009527701222059367
0.00953396089676676
0.009535946526750034
0.00954054845546554
0.009549419033659292
0.009552585832091915
0.009550150348778697
0.009562770036579096
0.00956546868279154
0.009560515194650178
0.009543239097821676
0.009549431838440469
0.009547589274065495
0.00955276553056266
0.008176234108909114
0.008111621471504474
0.008109614958444053
0.008116910703371812
0.008112774314870431
0.008116848158375793
0.008111802154661361
0.008117083635148287
0.008117926582238177
0.008116515161761885
0.00812091664842674
0.00812581302201948
0.008123607675198938
0.00811958571507001
0.008187877671614892
0.009586644941719822
0.009587723846165049
0.009593818990014769
0.009599558500891316
0.00958437858616861
0.009600499473100882
0.009598009569239932
0.009605953811181647
0.009616532577377596
0.00962041369125779
0.009612025400317224
0.009613015838487836
0.009624286015080214
0.009629802828383372
0.009627731766173918
0.009636097702195569
0.009638910456944708
0.009625994883723038
0.009633181089472297
0.00962857864705808
0.009647006270981525
0.009652481893378218
0.009668724879072573
0.009653886834835331
0.009649294927753002
0.009661190696879277
0.009676711666701145
0.00967104275328017
0.009663794719938971
0.009681695207461979
0.0096806859325228
0.009691758895710957
0.00967219536410418
0.009681424578288985
0.0096890416181986
0.009686804121150212
0.009683821373073298
0.00967825448819082
0.009686812326791068
0.009689487490858338
0.009707904344724674
0.009706926347625131
0.009707451638408091
0.009719953634482158
0.009717137956611825
0.009712358090839772
0.009704897616977555
0.009715687427117304
0.009722775262013964
0.009722849954161578
0.00971247930170456
0.009714906893076136
0.009725825403030726
0.009724232360919698
0.009728802299191638
0.00973570450984536
0.009736410394083041
0.009744509278202165
0.009746210976424918
0.009741625444446655
0.009738604158035397
0.009745122567204896
0.009760476517740826
0.009762616205813463
0.009761510117169527
0.009764055374278002
0.009779638624286914
0.009773729242918638
0.00977181132386963
0.009788509477793349
0.0097888814593435
0.009778775935414307
0.009779200977450761
0.00978241327748999
0.009790901618609788
0.009792812527294198
0.009805469217739492
0.009797231568024352
0.009803196747913216
0.009810412714373546
0.009810650556020706
0.00982385562859946
0.009822984256793113
0.009830612759092786
0.009810474622548138
0.009797278404738603
0.009808317699787792
0.00983222317762658
0.009840876637891086
0.00984214227927139
0.009844728216283878
0.009842208822566123
0.009859218253208213
0.009852619050885384
0.009844425554538705
0.009863777340753027
0.009863191942766225
0.009877959207866115
0.00985668374814822
0.009860697929128226
0.009874449716336421
0.009875068981287453
0.009875686847979672
0.009875883487352912
0.009869758312052645
0.00986174856632707
0.009875037480881265
0.009880496313409023
0.009890483039654998
0.009891290866272308
0.00990861623139762
0.009895057840318676
0.009886721667694604
0.009878739812573683
0.009883093456218926
0.00991387201786948
0.009912038526431792
0.009927455299915936
0.009920377474907085
0.009923216464294622
0.009922699421941447
0.009944931228902963
0.009938058686385294
0.009950515168282444
0.00995500855690218
0.009949540941154661
0.00994961980093271
0.009955618611449899
0.009812323506785313
0.009817531381694035
0.009978264634706226
0.0099745971886429
0.009973078696804772
0.00999605702821015
0.00997580013364676
0.009988732282556739
0.0099888735163534
0.009992176772685966
0.009999278393215657
0.00999321732358055
0.009992946105322203
0.010004114068596762
0.00999595213926735
0.009995714715824717
0.010008971354029079
0.010012411007661221
0.010002236988843314
0.010007397023085635
0.010007144901632398
0.010016466809862123
0.010010340387878118
0.010030667384691654
0.010035764953763947
0.01003489512725798
0.01004491775209239
0.010045460145078431
0.010052513113239955
0.01005114037567598
0.010056372760954778
0.01006203181574352
0.01007263417171872
0.010066711025687805
0.010090387718870735
0.010082434622941821
0.010096284216352922
0.010107497922149676
0.010090643682100634
0.010108522932933382
0.010111938737135541
0.009128405285091453
0.009135514587326369
0.01011650735613518
0.010130123634678807
0.010125396674440566
0.010131640754120147
0.010133155562863894
0.010141437301229983
0.010138738033334397
0.010151847386792484
0.010141275634221484
0.010137960123805292
0.010164883691475566
0.010167966091902911
0.010154513395922498
0.010163257874193945
0.010157772410776356
0.010172309628746488
0.010179606718756692
0.010164184741906893
0.010179818489294943
0.01017241694582555
0.010179345194665361
0.010162943958511637
0.010174831956126265
0.010186457251248103
0.010196095631254957
0.010187280651280266
0.010184851286009405
0.010201258735636131
0.01019690617037712
0.010205330303543121
0.00917982948533487
0.009180022579731764
0.010206468258157766
0.010191159507059766
0.010213261859810158
0.010196516701682142
0.010213784657151916
0.010212295868124999
0.010231251442080855
0.010248913928831298
0.010241543620937831
0.010233188284503926
0.01024433358620329
0.010256606820537317
0.010256129025276901
0.010259710605300674
0.01025039943616734
0.008077284543147602
0.008077049110923792
0.009096526669373162
0.009092328665009563
0.010275372429415177
0.010278921969382973
0.010292461390786493
0.010282058430561502
0.010271802031256067
0.010278836896454579
0.010278338317680635
0.010291587627742117
0.010307876686560262
0.010310647208777186
0.010307148387581747
0.010303777634340547
0.010310712796187766
0.010321229589001205
0.010353840096559293
0.010347495764533251
0.010346074314080545
0.010373415195567916
0.010368895301482925
0.010375512401765883
0.010393013265213604
0.010389050603821226
0.01039165513634257
0.010399720574445057
0.010408888299660008
0.01040567235005207
0.010420607934938287
0.010419849367540746
0.0104112983908838
0.010420908525321217
0.010431224317341758
0.010434561043099377
0.010440971568868742
0.010442328465444716
0.010438951156153998
0.010450292936874496
0.01045971916654439
0.010457368179022517
0.010460836648694736
0.010477505988275388
0.010459534533232404
0.010446380639656168
0.010458129372773428
0.010487288361590914
0.010493040610638972
0.010506154692169195
0.010544405871367696
0.010553686323431368
0.010576312256740555
0.010598879638114844
0.010638857398522866
0.009438681522410723
0.00932961087214669
0.009419996771380152
0.008973920904278839
0.008976361311606243
0.010692490760644128
0.010679475762837913
0.010710804106299066
0.010696731381102637
0.010688609873025022
0.010699004713267426
0.010684947708411448
0.010736205155280742
0.01075527715732844
0.008315056364692645
0.008231534745174974
0.008429566549405566
0.00843093575824096
0.008430198082205005
0.008445933042137472
0.008631318729991518
0.00862277087375002
0.008621356358110732
0.008625373379375183
0.008617757952802634
0.008621057527497384
0.00861753215492229
0.008621518521534642
0.008625173295784008
0.008631942294565122
0.008616926250511943
0.008619623036184227
0.008624859969495104
0.00863574371221012
0.008628251326820588
0.00863269175832758
0.008635767408923328
0.008625686673059338
0.00867909393531235
0.00927792981639982
