0.06422504716114621
0.06482075804998545
0.06639962261079353
0.06391066731549946
0.06478216228338941
0.06372361591716026
0.06482052513991228
0.0664388311776357
0.06584973993583618
0.06826194304214203
0.0680975407504148
0.06832174603190898
0.06974068748995339
0.07081096099198361
0.07220433149138855
0.06545389756556277
0.0658600381513922
0.06351519542928995
0.0653279516101265
0.0636700931788003
0.06591449431937876
0.06563767280507064
0.06736975237463187
0.0650269638234171
0.06657275147956665
0.0670773119020624
0.06469416948677717
0.06732539542233103
0.06696624542798797
0.06562358962269413
0.06564870303690057
0.06401884239922227
0.06512151053788343
0.06443773244871663
0.06625255668941606
0.06371947911885073
0.06411068748155473
