0.061875620245400303
0.0627402640023521
0.06317787889526374
0.06349050476918548
0.06131309782536727
0.06462013597604077
0.0635190132221051
0.06409016999407645
0.06285269950877294
0.06221222128378176
0.0640629294908957
0.068044303557603
0.06436132389426363
0.06543665812984296
0.06676499630985361
0.063508329774031
0.06226335309196575
0.061603916979038165
0.06447494617199913
0.063501106700435
0.06377411103925522
0.06508253351767355
0.06443792996778505
0.06296476349024888
0.06232421573245104
0.06293152144513758
0.06288818896817822
0.06139040751882903
0.06306169166633324
0.0623283615122472
0.06277421724862987
0.06382460558553214
0.06475175660692643
0.06110022419959416
0.06260771487825395
0.0623649678934085
0.06466296831475286
