0.0611802518280078
0.06072061916918745
0.061777840974865016
0.060213164841160446
0.05688690296432704
0.05658687509883196
0.058442379463191314
0.05952194730203045
0.05741038258691956
0.05620738490878415
0.056261234165756575
0.06407480603130804
0.05766892375509072
0.060057157549512734
0.06274535948913752
0.05875045074406566
0.058197794673545224
0.057615580941931636
0.061057253263449844
0.06073416357050853
0.0603972806082142
0.0632178715348979
0.06083057403712231
0.06135044866413414
0.06345550760096123
0.06246014805730859
0.0592118388510412
0.06122287902766041
0.0626642968423728
0.0628641678480035
0.06149920276388072
0.06274303954646508
0.06282535786830835
0.06293427167089462
0.06239921947924304
0.06284133143819429
0.0632305990690278
