0.06699535255391091
0.06839721974708426
0.06816868350135911
0.06745574612495639
0.06911106792750586
0.06678248541515937
0.06906281257960765
0.06978537220099686
0.07224833527888089
0.07508600197965906
0.07214926597001127
0.07316576457719941
0.0724147974872575
0.07179998379322952
0.07476873283733418
0.07118873808427495
0.06817883663571932
0.06894403238771778
0.06873616337765026
0.06813627683428568
0.07064284594154716
0.06878110109353047
0.06869828660589854
0.06976607145253859
0.06733930088726305
0.06944532645430947
0.0669555585845281
0.06635362514725307
0.06751411610147072
0.06694519032330083
0.06658672997923386
0.06710418262614251
0.06655186125188205
0.0686052876576941
0.06526067649076808
0.06384786441687956
0.06591190456290517
