0.061562417882151756
0.06448370186172764
0.06316703386452201
0.0622921013635338
0.05881760061432308
0.06276346283203886
0.062125611409734854
0.06139647658803307
0.06156260941092995
0.05837318792876466
0.05863523834112216
0.06302815296414863
0.06168419357635023
0.06346871643145939
0.061551650658017744
0.06341139424050271
0.05796087585342474
0.05739455497169165
0.06422833204573135
0.06482974571322055
0.06529312305561524
0.06384425319150017
0.06400041929416707
0.0633057141093306
0.06455455297331376
0.06354391060410636
0.06410486271744358
0.06298470052547445
0.06373697234651263
0.06551919950657274
0.06533209689353069
0.06487838375665804
0.06622417035036593
0.06489266573803419
0.06172286469726775
0.06613793111014286
0.06432291878683882
