0.0652427772265671
0.06585302843642492
0.06530639184955406
0.0665995801004113
0.0646281021522093
0.06775256570264955
0.06735047514519006
0.0675092753408786
0.06946304027984067
0.06944018621999125
0.06818221340797567
0.0705549915210433
0.06964213930505857
0.06769765811766038
0.0688738329185068
0.06909223067820698
0.06734311170085652
0.06721818902717128
0.06605329405290804
0.0665168528472486
0.06645993920876314
0.06621848462974518
0.06896575423604348
0.0667294958291601
0.06567513312715575
0.06589196971711261
0.06636679817141161
0.06568115464311618
0.065759079977773
0.06539804440055814
0.0659664359042318
0.06473208141703987
0.0656522229376022
0.06625115911115076
0.06412570052464808
0.06468723278721077
0.06536050623678749
