0.06667792769466298
0.06845865313761212
0.06900650817915611
0.0668407391361241
0.07006199894895057
0.07127700218937032
0.0706588817587973
0.07340568831285844
0.07446750339928151
0.07595872402719119
0.07583832674548575
0.07683488769505623
0.07469339328312657
0.07416047619892269
0.07828046918435676
0.0727355472483783
0.07336871943287247
0.0722048268293896
0.0694541689579249
0.06988410653722839
0.07127876350407006
0.07065778176721138
0.0698900025655671
0.07219876516418824
0.07016743778303534
0.07062833991302161
0.0697300259333284
0.06765260086749697
0.07037340611614115
0.06924821973713213
0.06927242373873199
0.06943270670327474
0.06765876139270521
0.06662515810270671
0.06631644617993879
0.06696007175465704
0.06685440134048923
