0.06637208360861818
0.06794684809873718
0.06716952678156296
0.06792512475193166
0.06743825670511606
0.06897062167722223
0.06995403272886416
0.06886528021488447
0.07058960922569914
0.07569284027679501
0.07250023597022498
0.0732604179991046
0.07237673027136628
0.07331904857084508
0.07460932374632848
0.0720310530954148
0.07007944506730475
0.06937442775020429
0.06673627353953564
0.06682927503538123
0.06826547291226433
0.06965281752247386
0.07008209465544071
0.067654685017337
0.06813673863992054
0.06828625020500292
0.06692321464485387
0.06988785319161042
0.06800742782792085
0.06998600090798598
0.06706679358293509
0.06605645099884468
0.06716089469597368
0.06715361847611487
0.06471962280365351
0.06643503492631789
0.06516565011826968
