0.008320775447792451
0.008351910296024808
0.008351810987520808
0.00835202435115906
0.008324430009367395
0.008340171150137745
0.008345747110665215
0.008345358709994031
0.008349853391382504
0.008353492632161345
0.008348760281699388
0.008350522100965247
0.00833810436387691
0.008362833229920895
0.00835706725006481
0.008358503485245302
0.00835649518384379
0.008336973127144034
0.008345830308716674
0.008388415922745727
0.008379431013290594
0.00839383271184192
0.008392316902406967
0.008379410942993354
0.008383094620806891
0.008371426481752903
0.008399091278024202
0.008410692452464981
0.008419535279986264
0.008389913158255076
0.008397742081695303
0.008407771395926186
0.00839498185099307
0.008408480959999489
0.008416679102325833
0.00843027748976016
0.008450997384646495
0.008450180152858354
0.008414972196912097
0.008417871027028538
0.008432307900103813
0.00842805447179332
0.008429906517374517
0.008439810839197417
0.008442580383140934
0.008431326288029953
0.008435325288600097
0.008432281666428034
0.008428186225007354
0.008429962835717121
0.008433156724021887
0.00842065448388201
0.008427367228635184
0.008416344881183929
0.00839908688223097
0.008419967191477452
0.008429083013230159
0.008433890317215427
0.008415764712080973
0.008432183066790808
0.008441369639598332
0.008427063643037835
0.008438227128395247
0.008395221345533584
0.00840459851686048
0.008432519683258217
0.008426981452740361
0.008429211959270147
0.008407166233961412
0.008412706253404683
0.008430012387046005
0.008422121953663958
0.00844220264623469
0.008448343161653722
0.008471373074568763
0.008403348169011473
0.008414179182176107
0.00845674335635193
0.008444695044491336
0.008426159343579908
0.008443468206035221
0.008425650310037157
0.008478711407136312
0.008472779670504556
0.008447601372192044
0.008443220281337338
0.00844515040780583
0.008451699285529699
0.008474479967207266
0.008463136388848056
0.008464401765773802
0.008462926434863101
0.008477637467818102
0.008473218273935178
0.008472039054471968
0.008471801696737242
0.008461238692738245
0.008428260955848749
0.00843568626070057
0.008473961620158971
0.008478647256764633
0.008461563222193321
0.008459873094438986
0.00847281378422664
0.008495704270967092
0.008466553854793524
0.008466522585575653
0.008479006475349743
0.008491355042918636
0.00850323950464631
0.00849686299894682
0.008508333198731783
0.00850600771472198
0.008506533584428625
0.00847775539389082
0.008466009766655395
0.008497024806837096
0.008471912821580897
0.008477780175425437
0.008481818117831913
0.00847184605974374
0.008479346564654097
0.008489572050050059
0.00848615405603497
0.008465187585838961
0.008468523053258951
0.008475992128508168
0.008475361429487826
0.00849999386684457
0.008515698416556906
0.00849982557061946
0.008498094207207086
0.008500963284509605
0.008472664325663085
0.00848693023621123
0.008511871987515927
0.008513164256438777
0.008509421900917429
0.00850502218371126
0.00850772651040778
0.00851045691343764
0.00849529277929694
0.008472725795754593
0.00851180357033787
0.00852985735938932
0.008528896585723793
0.008507359111223509
0.008470438915245236
0.008470925958245319
0.008521716357408572
0.008537076100970783
0.00852540703043677
0.008525764750420477
0.008523712711741727
0.008499914416730307
0.008539424960504565
0.008532306015722062
0.00852355282624737
0.00853023401056354
0.008540287800725174
0.008536631976483074
0.008539225443896322
0.00855336390671858
0.008553854870835521
0.008539636935835229
0.008559184859561407
0.008526582709614096
0.008540997538143873
0.00856569712239978
0.008551498456806483
0.008562875773127405
0.00855238733259626
0.00856108823875919
0.008562308213884007
0.008547306402590838
0.008566222325326334
0.008559594893787995
0.008566851204098561
0.008564278900688437
0.008562344435523072
0.008577432424552495
0.008569537900851373
0.008535539308880279
0.008556099181337578
0.008557718176838707
0.008557468708253592
0.008567642001613099
0.0085847535145016
0.00857253924476473
0.008220652984314035
0.008228696149202418
0.008593221124574436
0.008560067539018478
0.008568873546254538
0.008582127097639674
0.008581684987631183
0.008586711075582738
0.008554091750117194
0.008574728406708022
0.00856680791914719
0.008596448980294711
0.008581354028673268
0.008579216017466114
0.00859676622641834
0.008579693017459223
0.008591083819409555
0.008619905132536085
0.008599547008715446
0.008591032820657282
0.008602368978694519
0.008580625390832361
0.008560628091633984
0.008582884852433801
0.008606419293956651
0.00860699410471971
0.00861347158309277
0.008576341754059845
0.008568984875065841
0.00863534957524906
0.008633151291549226
0.008608538917467384
0.00859860075728693
0.008598719256944597
0.00858575962725449
0.008595703728887391
0.008611355793666361
0.008580850673706175
0.00858956581621323
0.008597353128736706
0.008604794150616326
0.008624110106520092
0.008612080532402332
0.008618507970671383
0.008613744915632845
0.008604254533350645
0.008610900655525744
0.008598031009820418
0.008595546946715073
0.00859923062143437
0.008616481694571364
0.008616301379061829
0.008625041786194363
0.008618357344250595
0.008623270989903929
0.008614631089945967
0.008624987534340841
0.00862137745042536
0.008624592651831403
0.00863467611922966
0.008626563556300555
0.00862050662922481
0.008615009097307239
0.00862005839548045
0.008629318538857499
0.008623408697995027
0.008624990551661034
0.008636631851464375
0.008593772408786012
0.008606310836810183
0.008619647891639987
0.008593390932387006
0.008579208427079174
0.008615592747361924
0.008577450410522486
0.008580293483132724
0.008596755452110631
0.008590305292169751
0.008576205720140891
0.008583934438118779
0.008570968947480544
0.00858599692044925
0.008589633186313637
0.00858676113740738
0.008586092914260391
0.008619076618453127
0.008655193346885798
0.008649541142334693
0.008657234011786794
0.00863786797831312
0.008647775277036002
0.00864521020532015
0.008648772488185465
0.008662516162114785
0.008668533421063999
0.008654383169550115
0.008652394845949235
0.008652796468534597
0.008679045876879218
0.008681493950497391
0.008673899909231167
0.008667358364457034
0.00867540557044593
0.00867718332031816
0.008676918393490161
0.008678616127932224
0.008653024323225438
0.00861960666152507
0.008680151622564063
0.008685275733224085
0.008691167164140886
0.008672247054497675
0.008684963310733781
0.00868885056179278
0.008676494450985128
0.008662539161265664
0.008641089421683347
0.008638576214655974
0.008663644545731932
0.008702555149893357
0.008711069777416447
0.008708907383891554
0.008703561883427165
0.008697593535283958
0.00870468195554262
0.008690073747564272
0.008709710341375713
0.008711905902943443
0.00870498613293731
0.008711516223515835
0.008712153104700568
0.008718155442624465
0.008728823336006076
0.00869126419555224
0.008710209897075298
0.008733956797818652
0.00872271888318831
0.008717505846253783
0.00872972143434854
0.008716362236239228
0.00870563126629836
0.008705570301061224
0.008684527760792399
0.008677821363567815
0.008685145515662865
0.008680708579794456
0.008681271187012821
0.008696011148641637
0.008687712284948645
0.00870450867696134
0.008716499258294522
0.008695305558610101
0.008700070997990793
0.008705612618984317
0.008710135699112104
0.00868230806944554
0.008688299762616909
0.008715328802525672
0.00872399936202991
0.00874179448395854
0.008728727497671927
0.008723070046368107
0.008738277939653793
0.008697347949207547
0.008705448791919559
0.008732374008205939
0.008718151013420997
0.008727763769905262
0.00874225808554781
0.008744284696141745
0.008727359288901405
0.008724841404160256
0.008751543025004924
0.008746097894990382
0.008745747136985513
0.008755299420983336
0.008764885858056943
0.008768257484026114
0.008735114202208112
0.008729443683258542
0.008734474922466918
0.008729030323549988
0.008790708562415372
0.008780304771687113
0.008781667607506953
0.00875826445646909
0.008780231994109
0.008769644391798259
0.008758277053314278
0.008763495819815949
0.00876505503646056
0.008777552136161257
0.008793022097346288
0.008755295421148536
0.008761376322809577
0.008777304904371336
0.008803317829760465
0.008802649809619782
0.008769258204259694
0.00877833161249082
0.008776798890579186
0.008780269056018405
0.008822373568378915
0.008794028140304735
0.008806028728794593
0.008816315215786658
0.008815149395608209
0.008815543455598275
0.008804896327322058
0.008819090706429998
0.008806735694167973
0.008796541849763351
0.008795667124741077
0.008786342820212288
0.008817309724319888
0.007436445075867248
0.007827540093144167
0.007830194489136832
0.007824590662590761
0.007825704033124032
0.007833635273364774
0.007837840592967096
0.007829337340800468
0.007832363758167432
0.007817837577005654
0.007831878630471613
0.007830825627062972
0.007839704699466897
0.007839881027759116
0.007446715553140868
0.008818680355107753
0.00885478644094773
0.008849452676346927
0.00882533932800321
0.008804768652579033
0.008815262021105707
0.008835204923639687
0.00883597966668511
0.008833994917934416
0.008851152803802255
0.008839550862323109
0.008839142045614116
0.00887295149455413
0.008847251892828924
0.008850463387029854
0.008870238939428286
0.008872023683093666
0.00887686047591701
0.008864206004476596
0.008860521407382933
0.008849111673021286
0.00887568231239368
0.008879476461907614
0.00889769140898266
0.00887861900411302
0.008867965722992116
0.00885990058679899
0.008857575965287608
0.008869287409840304
0.008884652226089714
0.00888998298383925
0.00890732694398175
0.008883825857227553
0.008894633102358294
0.008883881168179718
0.00889739806953762
0.008905543798210035
0.008898592197510609
0.008883687023847562
0.00887619648518211
0.008886783612260805
0.008908036378144404
0.008915372218269688
0.008856901124743403
0.008883645266396654
0.00889356139784354
0.00893011054569879
0.00890728681163774
0.008904339002844692
0.008924120586786734
0.008901907050744612
0.008905600261354412
0.008897954798530706
0.008914121203142531
0.008938872484696839
0.00891790858127218
0.008923341107289807
0.008911197675383703
0.008918159110680817
0.008909810204352043
0.0089103041258989
0.008932654165512085
0.008941502430301904
0.008922853995426553
0.008938083824443917
0.00894821780048853
0.00895477966277114
0.008938714145104417
0.008914429089571126
0.008942922057969588
0.008957913100235007
0.00894711014629225
0.008953344170087528
0.008964902271756062
0.008955677241492896
0.008961563423576966
0.00896107119546677
0.0089811973769701
0.008978881835518239
0.008968045891112593
0.008977431472644699
0.008988370622579624
0.00899192648355667
0.009011669272308563
0.008971276023520595
0.008966719403096426
0.008975122275980353
0.008988152785922429
0.009003743163983351
0.009006629409637996
0.009001138251347676
0.00900896864887763
0.0090206474491734
0.009009945693313223
0.00901614129696004
0.00901884248134133
0.008986695845997076
0.008991916676190988
0.00901351342828362
0.008996392327838441
0.009021238774625748
0.009019876418352718
0.008986100042864788
0.008989179160725738
0.008986999642944245
0.009018816283383135
0.009024287475545286
0.008989414642581286
0.009016966273336022
0.009030245118997133
0.00903379798237376
0.009025580519164408
0.009022497316968255
0.008984752671575698
0.008999291211481492
0.009040419957379763
0.009049624573658417
0.009041368934211473
0.009039059848991041
0.009052370735168368
0.009047625012502005
0.009052183041785138
0.009039850674737322
0.009037395306156411
0.009056994984431067
0.009070646138957422
0.009060340584269697
0.00904513136538048
0.008931267455233658
0.008943217478440412
0.009080705139833726
0.009083659830827394
0.009061781295711792
0.00905606613540299
0.009084871208651311
0.009085156789985864
0.009080613383978703
0.009090510350806779
0.009081639098396885
0.009089294747048735
0.009081446018107484
0.00907861371137039
0.009071497040595986
0.009088803161570517
0.009066629760852114
0.009072958317980941
0.009119367655645938
0.009090992277690947
0.009103748179254582
0.009063389656294675
0.009086033405545714
0.009095555522577419
0.009105862835021704
0.009095886267919505
0.009094375341362444
0.009136625606374908
0.009130477117760858
0.00912360927394475
0.009129213767584497
0.009152075045020833
0.00913599081213803
0.00913126415815025
0.009133634254039824
0.009133951175655781
0.009149880612104798
0.009192571524324988
0.009178894528262812
0.009174772988272656
0.009152011014933884
0.008217643877139072
0.008214695445277505
0.009174421894478445
0.009168736789694668
0.009172621564207466
0.009187685958641103
0.009182226415674196
0.009187285652076035
0.009189148713050523
0.009200762691958894
0.00918838935210709
0.009189629519462898
0.009212124087068623
0.009208931996865063
0.009218065631445786
0.009186179973055476
0.009186160264009072
0.009193191124600215
0.009190102675629122
0.00919573060809623
0.009196028607912788
0.009207460329985429
0.009197515532970725
0.009203884624043214
0.009178670444431016
0.009178149954791479
0.009198433227248991
0.00922859329885239
0.00921361397417141
0.009235080579703198
0.009191886860152283
0.0092136440590286
0.008234556613795468
0.008235143629252657
0.009255297692894833
0.00916533584413125
0.009164218472099459
0.009223912526197536
0.009198823199945716
0.009218180015860519
0.009227184489819478
0.009238680884601726
0.009247065412521694
0.009249663031055864
0.009247772047481199
0.009251593658413859
0.009228843610474427
0.009228793167745808
0.009232585022116078
0.00721392685929873
0.007212829374659372
0.008122650103466194
0.008129684505029834
0.009251652706497528
0.009254867287900934
0.00925453598341163
0.009260420922057531
0.009266588196480009
0.009268001165518987
0.009267903102928467
0.009254042145384752
0.009259138382266519
0.009256414190088571
0.009267981039145378
0.00928858152881623
0.00928889291256633
0.009305759515347699
0.009295981875576021
0.009296303495753642
0.009309347884644001
0.009302401437926319
0.009300364267731228
0.009313730880669325
0.009341073948637419
0.00937771427260853
0.009351257226778292
0.009283273816549989
0.009314307805504574
0.009337105338187364
0.009352899756781627
0.009372315123270162
0.009395737418228512
0.009332861570381063
0.00932878412760615
0.009346909065836021
0.009349216327676366
0.009365912121830475
0.00938887691168661
0.009378914572191638
0.009398250976594368
0.009389507880357384
0.00940702055279322
0.009396231523075962
0.009381343651449702
0.009383976117576182
0.009393589371409255
0.00939377480279015
0.0093895681180905
0.009399315262499852
0.009452588672401003
0.009439413949569672
0.009434281396054874
0.00946850130969336
0.009495528939039937
0.008377002091298482
0.00868710036215313
0.008338640513394967
0.007924367100855253
0.007925281495448914
0.009528110222457458
0.009529494406947545
0.009561659286605044
0.009569323353660265
0.00951841959263591
0.00951873512430628
0.009463486027836608
0.009543130312230662
0.00957485416709059
0.0072732972092122055
0.00782366825117418
0.00803132675642122
0.008016542291396799
0.008015435011594857
0.007982570570856039
0.00819858418464174
0.008198770272906254
0.008189862076151471
0.008195176923733224
0.008170247059911746
0.008155769563864514
0.008207823663097852
0.008192888675681347
0.008218675513909578
0.008193484030700828
0.008175982823823171
0.008164363314596043
0.00815599787764998
0.008169655957388949
0.008195205219379543
0.008201525710476805
0.008209192906963191
0.008184319296013496
0.008029246222652445
0.008160746636329859
