0.008733546554798922
0.008717597206243013
0.008733907263973398
0.008735334109666917
0.008721395908167362
0.008726906283000697
0.008729355807483238
0.008731839855033128
0.008734712049667782
0.008735413388264227
0.008745284781698268
0.008740144912803675
0.008746441251224406
0.008757727919207566
0.008755352688784352
0.00874496934263776
0.008754277415346054
0.00875301266417486
0.008758179527388974
0.008760159308669576
0.008767896998437764
0.008766160671887329
0.008763392516040051
0.008763482110405781
0.008754445746628618
0.008763956313959759
0.008779058924486039
0.008801679915478132
0.008799370957008319
0.008801453115671968
0.008795851455931371
0.00879966594105838
0.008799605997163513
0.008809407271986537
0.00881888602692277
0.008821237681958229
0.008804883690638868
0.00880299968834247
0.008811327605944629
0.008817436234008394
0.008798587361043275
0.00879981650059297
0.008813419083385773
0.008826548467270523
0.008819710411047559
0.008814354242759772
0.008814519051393334
0.00881722592806686
0.00883142623458737
0.008832584075423365
0.008821987765300849
0.008815936502157338
0.008828258995574875
0.008822016860343984
0.00882623056044411
0.00883025382854295
0.008833760554435511
0.00882756779904864
0.00882852016359898
0.008831120396036599
0.008820459693934484
0.00882011494033946
0.008818059064719429
0.00882029084287268
0.00882159540151714
0.008823900254599464
0.008843542190270639
0.008833107397142282
0.008836090667045798
0.008836077504788006
0.00883676106327858
0.008834070798585126
0.008838632986852508
0.008827810041070704
0.008831614483979677
0.008838659743560398
0.008835299540124197
0.008847990996006564
0.008852079774545099
0.008853932627886313
0.008858473957261855
0.008856587763084166
0.008856977452135064
0.008866199081970718
0.008867647498603677
0.0088589712327963
0.008849008464899628
0.008849422156412335
0.008860986171197863
0.008855276982360069
0.008867096631578798
0.008865640698163282
0.00887735403829819
0.008879328850431288
0.00886637623060621
0.008877363233769297
0.00887601704459854
0.008869261263736628
0.008875585740024188
0.008886861797429568
0.008884530434589484
0.008889382897235894
0.008889691765084615
0.00888108085232121
0.008888186310548484
0.00889594933305637
0.008892402224949138
0.00889137691607752
0.008890817668916801
0.008896763463352953
0.008908328360281477
0.008914118086977106
0.008900978004416173
0.00890241095749429
0.008904045924171534
0.008910562812284398
0.008907387167097491
0.008899382385231554
0.008913182833051748
0.008895953054998329
0.008891213253246006
0.008895831122135666
0.008892114048427567
0.0088973426592223
0.008906658376232612
0.008906722124012162
0.008914451205033229
0.008927497153959215
0.008924222685564911
0.008913354451146513
0.008918429743132922
0.008930767548715876
0.008930987240786382
0.008934747739562078
0.008918867898717034
0.008929268247221912
0.008926801307535374
0.008941676647450318
0.008948682229245096
0.008955207045492502
0.008944560908464941
0.008935253559874418
0.00893137665058845
0.00893978816059828
0.00895006414359401
0.008935138289249085
0.008948154308064038
0.008906901909510009
0.008916515323569591
0.00895145713796567
0.00895006181749206
0.008954947562278439
0.008958172478704157
0.00895900568732931
0.00896271820343067
0.00897148989839016
0.008963941738164083
0.008965149389169686
0.00897691490930785
0.00899100046303543
0.008971446088156162
0.008976044396124885
0.008972797048356298
0.008981298807526374
0.008978438651376208
0.00898743141511655
0.008989885868162496
0.008988956528277024
0.008994332092484217
0.008997440042444332
0.00899477853625336
0.008988001260918282
0.008996089786241697
0.008994108108362462
0.008990808697496995
0.00899220275202041
0.008998322030908971
0.009000698342918724
0.008997517585501654
0.009009493388255943
0.009001409430116746
0.0089966406026006
0.008992537785420994
0.008999678348988065
0.008998958839381043
0.009007586555833204
0.009015976773496165
0.0090156334665181
0.009019936962808159
0.008715320808032577
0.008705391735248827
0.009005654414306011
0.00900412546422032
0.0090283612215671
0.009007531750653958
0.00901166002833766
0.009019561590672067
0.009022118053999646
0.00902965393363246
0.00901936874849884
0.009023527277255677
0.009018465206429396
0.009019678870568126
0.009026253932736766
0.009035748477162158
0.009025516226170295
0.00902029000265922
0.009021919843303791
0.009025835119411643
0.009021159949933603
0.009032484807516337
0.009025081513792159
0.009025904386478942
0.009045743108915863
0.00904378899757122
0.009055984234196705
0.009048608473615232
0.00905071548194998
0.009051722853975104
0.009053844312940264
0.009047736411756178
0.009047726038170908
0.00904769451136159
0.009039197057995033
0.009038803419803787
0.009045569686403307
0.009052707700324918
0.009067952690793616
0.009070090462170928
0.009057135071811863
0.009061447889037271
0.009079840340382724
0.00908061706065019
0.0090621137736421
0.009061719308479948
0.009062756384443938
0.009062654255231724
0.009062803878170305
0.009059098361033108
0.009062067302356707
0.00906781159094334
0.00907075406601239
0.009068023572973908
0.009065409471560006
0.00906391864395866
0.009072119394241181
0.009054481546566658
0.009060042214454786
0.009060121821888914
0.009078342927785787
0.009079318518404966
0.009081669357700401
0.009083636319412043
0.009079457351967768
0.009075865638529147
0.009071757165211237
0.009079585030523007
0.009074602249460387
0.009072733963313342
0.009085308481777434
0.009073887501854581
0.009058412203629412
0.009062260545144165
0.009058442949593869
0.009059767803576544
0.00904745433696718
0.009064452472742833
0.009059947658990423
0.00906122404969789
0.009061591571722932
0.009064279901155202
0.009072897292387878
0.009068360335736655
0.009089720532316542
0.009101687813401583
0.009123293464155982
0.009117559283924569
0.009125081733037018
0.009133668729301962
0.009127269422295142
0.009124852636173502
0.009126680470230339
0.009119374579864765
0.009124598415064827
0.009144422847951403
0.00914023365369216
0.009134940112952065
0.009155900685652934
0.009143344576341295
0.009158940069808937
0.009134919677902443
0.009142308812647585
0.00915030543316027
0.009152521107608681
0.009154675159035954
0.00915114430070303
0.009165634206621635
0.009163793746036321
0.009158226789221515
0.009160800621246818
0.009173031950761336
0.009178001712966528
0.009179302748926883
0.009185197455806295
0.009186916546415248
0.009191725820126591
0.009187360530598095
0.009194593246653258
0.009191682150710933
0.009182922633524302
0.00919106537863565
0.009187144881453026
0.009194274551274095
0.009203035279594244
0.009203048942853521
0.009206076085202294
0.009209173686663663
0.009208405145394932
0.009219421329582329
0.009214738176798777
0.00921123901817551
0.009220265121914427
0.00921949766902809
0.009206013999290774
0.009213528266997215
0.009217327708962433
0.00922379541985333
0.009219618152691891
0.009221568287122214
0.00920601589045713
0.009216601877018752
0.009201341097973093
0.009189282623652852
0.009188960139731356
0.009195261592840653
0.009198340299158704
0.009196677614745555
0.009207737147139386
0.009201718297049646
0.009209797955608287
0.009198429770050181
0.009205969275008856
0.009208812215713912
0.009219209918697499
0.00923676648117007
0.009214146200464568
0.009217441777634115
0.009227574523828838
0.009232557564237577
0.009240792266676517
0.009237192905221615
0.00923956621038099
0.009247810297003453
0.00925470558276357
0.009247903594685369
0.009256755573758397
0.009249458655908349
0.009257880686593082
0.009273924697122418
0.009258893531704025
0.00925279470174704
0.009263779366712261
0.009271186027410517
0.009258252215883072
0.009262878251013807
0.009275574165618668
0.009271192614106125
0.009275793912948119
0.009259494626398974
0.009263811360422373
0.009280800004870566
0.009286432795617076
0.0092785771166018
0.009270199807433462
0.00929015506658422
0.009280048330326003
0.009285669551239972
0.009282310969512018
0.00928607357199336
0.009300300277367734
0.00931015189558953
0.009318350297250215
0.009312295918766443
0.009317447842533268
0.00931429059654644
0.00930805692759979
0.009311392754042446
0.009314167186565104
0.009330973039346603
0.009334684203845998
0.009323504867946406
0.009318984991691478
0.009325876292612464
0.009331106991562086
0.009337709088844924
0.009344440305971344
0.009347577816059693
0.009339672359299741
0.009337099419647344
0.009338099248379292
0.009331776877708678
0.009336040998279114
0.009340257129477891
0.009340815266921
0.00809124766931762
0.00803975688632958
0.00803996950998249
0.008044549732922847
0.008054037695860779
0.008053746220102935
0.00804683638300803
0.008048780731484673
0.00804772129512663
0.008047397931211293
0.008050386522273006
0.008052549266069086
0.008049101972011223
0.008053735386771997
0.00810043158996454
0.009356500057887338
0.009370762719060158
0.009380228588162816
0.009377098179404911
0.009374469384826327
0.009374959359532434
0.009393828951181661
0.00939562989184326
0.009405087606821433
0.009387781297808229
0.009384454646634881
0.009385897753093049
0.009407381312586793
0.009403263057659813
0.009397698501648765
0.009405637774452849
0.00941649320476383
0.009408951960774726
0.009410830345578982
0.00940514368764606
0.009422258296871046
0.009431697033578428
0.009425666901855282
0.009424452839265192
0.009435922246947621
0.009424782286944027
0.009432819514381243
0.00943843213032712
0.00944335301330307
0.009447300547051347
0.009440542229797106
0.009442064412354255
0.009441198099955727
0.009431545845308411
0.009435492690882773
0.009474976736081912
0.009458508032737315
0.009455151375935103
0.009459627187953262
0.009469142522949078
0.009472801367130699
0.0094790875026496
0.009481323613688867
0.009503294756487635
0.009488067671287808
0.009483512711140915
0.009471242255055188
0.00946502713584148
0.009472464334540076
0.009480985583946687
0.009493707591595268
0.009483197181576874
0.009477330698171015
0.00947471249096701
0.009491874615490548
0.009505041633055175
0.00951592084186097
0.0094866329143565
0.009494929471071806
0.009496864009138163
0.009510464192257852
0.009513777439081529
0.009508930364394466
0.009521141137742216
0.009524090052182589
0.009518457941718732
0.009524452669920195
0.009524459628451712
0.009513208748615998
0.009531175226075496
0.009550115157341225
0.009555375143225
0.009543268519388332
0.009548650636871225
0.009543684274347018
0.009547279480040942
0.009556465342139532
0.00956964907115317
0.009569793809099928
0.009567251573609409
0.00956778651082803
0.009578614110227614
0.009576549586994752
0.009580561787326863
0.009582055449637097
0.009566637804912147
0.009573584945473902
0.009586751658779346
0.009599288348943132
0.009572314380027272
0.009578326880729647
0.009597807108932049
0.009601045885361181
0.009596684322234617
0.009593043906965873
0.009611288096031246
0.009595860010023103
0.009605032842983505
0.009604313273114225
0.009614642626272582
0.009606426252617904
0.009620582534412258
0.009621366777938746
0.009627936425852754
0.009624597334614845
0.009620747967869379
0.009622151304319268
0.009630464086952227
0.009635298797493955
0.009633578008588507
0.009640369296101733
0.009643077316629408
0.009636310167640076
0.009623613036543006
0.009631126075447118
0.009653731490906061
0.009649841808316347
0.009661569039235084
0.0096664183686572
0.0096788554132816
0.00967568606990894
0.009674669457388166
0.00968415250775383
0.009680222510083202
0.009680370281517928
0.00969169677188863
0.009705222789716698
0.009696348352108307
0.00956802558587127
0.009575478614883845
0.00970309220374122
0.009702697157526436
0.009714498333638057
0.009720782285802993
0.009719737527702114
0.009729114093181244
0.009746107075984677
0.009717374722543406
0.009717572215671483
0.009724052213534876
0.009711616392566085
0.009710360442664302
0.009740411114678191
0.009742612271670845
0.009743549707652609
0.009749226955323861
0.009751739554226056
0.009754771255828154
0.009748337939720023
0.009740281284493115
0.009732841707004957
0.009738440896245946
0.009751893665189467
0.009769016446849191
0.00976942198628689
0.009780706347232847
0.00977643583071338
0.009785702133594774
0.009787894971694052
0.009798878076972193
0.009793727857475185
0.009810464232425285
0.009803020504450186
0.009816403621722043
0.009831836260534481
0.009823005327494005
0.009818314958514334
0.009810895119402158
0.009811796656816129
0.00896123751072849
0.008950656713685803
0.009825277191456573
0.009843282878771417
0.009855608336337791
0.00984716802104444
0.009839431683384029
0.009848428770498121
0.009850933562558848
0.009848001567542562
0.009854372903761928
0.009854688883543064
0.009871903007642343
0.009878985024619227
0.009877436789520683
0.009867722956413937
0.009874474606447385
0.009878796509421587
0.009886306661844401
0.009881343909753669
0.009870072921363035
0.009883068090596123
0.009874169054375074
0.009883010637222963
0.009894222152815647
0.00990794216349427
0.009877750810775222
0.009867911615949783
0.009886025688860774
0.009896423084554299
0.00989149751861053
0.009893048996618062
0.009007046598487648
0.008996450236326888
0.009913085473332113
0.009901932556358559
0.009899786927581668
0.009901475496731264
0.00990428742771791
0.009911514458898617
0.009936489962688875
0.009936831319758192
0.009938682214844738
0.009947606529699764
0.009944743885594012
0.009949896677219022
0.009940633265109002
0.009946666209547532
0.009945497508834866
0.008000658877039189
0.008004516342473596
0.008918346164536265
0.00892494740014768
0.009976834075159521
0.009968474661156877
0.009979169243721511
0.009982487294063746
0.009974081739543934
0.009984491321233456
0.00998825489307254
0.009999319249214073
0.009986076226069637
0.009992500671952682
0.010000952841699877
0.010001557212024443
0.01000500387118967
0.010012303869756812
0.010030502249532336
0.01003680110752749
0.010035894950597594
0.010039323230290945
0.010035779185017456
0.010051096452250632
0.010064024814374751
0.010061874250277651
0.01005176565535677
0.01006957674749348
0.010087550302964541
0.010101723492864381
0.010097820146095485
0.01009517871439355
0.01010842519880385
0.010125078342821472
0.010107644529053352
0.010087587164582995
0.010089328253573606
0.010101100528797098
0.010120557091807507
0.010129194151883661
0.010129877240279726
0.010124028268901592
0.010149596628330964
0.010140486617166298
0.010159227430005427
0.010149461320501863
0.010152714553399805
0.010153937999550161
0.010141845391431443
0.010161175113098962
0.010210755426431475
0.010209402165846886
0.010227730935089168
0.010256205597055786
0.010285885253323383
0.009239192658649848
0.00916583908284982
0.009211162266560118
0.00881153434258713
0.008815008975542193
0.010327012511438098
0.010322641793884518
0.010340913613220329
0.010340723480224807
0.010329005993722287
0.010315897997452358
0.010305010526142524
0.010351476426945769
0.01037208047106861
0.00820159581347016
0.00815722829620906
0.008335522581281757
0.008340764132951414
0.008341013266196035
0.0083535479103242
0.008519521612699603
0.008519878066875316
0.008517287937642542
0.008521501435135323
0.008520125387380777
0.008523179158319634
0.008527335832655646
0.008524626055299219
0.0085341018887456
0.008521145942140984
0.008510706463474824
0.00851790595537891
0.008516076129086754
0.008520187428484274
0.0085305561943166
0.008531927921583332
0.008525728091391365
0.008516797113650606
0.008559643181156222
0.009076491460358417
