0.049604614146213616
0.04938918760777486
0.04975778245437879
0.04945896159078692
0.04941139449356151
0.0481217479598972
0.048295090775109246
0.049055822982985234
0.05056801220442209
0.049155579154033034
0.050156627373199356
0.04928050056201888
0.04903162972523926
0.04970935975835667
0.05009472587100568
0.05079967190531637
0.04976298389634526
0.049315074450625426
0.04832332215770674
0.05003701019207729
0.04932371079830658
0.04947457667422876
0.05024152565426554
0.049562407697012034
0.049518772189935625
0.049095488495038385
0.04947168979731618
0.049658648006644567
0.04981714941730222
0.050027481050972815
0.048021159538428795
0.048193627540498746
0.050175902073721426
0.04953856591163618
0.05005265152173731
0.049024474859131174
0.04986778320461261
0.049445417371125275
0.049608796748047676
0.05020781439170894
0.05034711342991884
0.048732333526092665
0.04905442103548842
0.04940181234688179
0.05035208270915659
0.04895170686927962
0.04843698986118012
0.04952994396360858
0.04937503408013995
0.05000684956035914
0.049137262150857605
0.049891467113522575
0.04957503479536188
0.0497576367281442
0.04919996867011453
0.04883636208030893
0.04972256462640791
0.049357035187767385
0.04948072322514511
0.04951590578568009
0.05001140654656791
0.048915561619655906
0.050240372003097195
0.04905255499605405
0.04886509779087251
0.048819752209933474
0.04843978365284766
0.04949432451043693
0.0494004999115782
0.04926003512197652
0.04978923165721744
0.04893691602347724
0.04906443787095784
0.05001241645695715
0.049499292320522414
0.04974932464525482
0.04931530168621655
0.05005703651203518
0.04970281888912776
0.0502853091121321
0.05043874727164133
0.04944814840605362
0.049348787400019564
0.04844995328824774
0.04975804228442695
0.04937913515061782
0.05022856115141739
0.050029306244764524
0.049770457606717264
0.04943969551253236
0.048620816697608656
0.04881283958806359
0.04928539413173758
0.04932035256449847
0.04823876202833818
0.04985222958488003
0.048464847866361294
0.04962513956544457
0.04994790800031426
0.049279246065925826
0.04879739860617708
0.049352786500979406
0.04964402916850508
0.05006640559525587
0.04979101101455314
0.04954773351490964
0.04896614046862956
0.05087628009982916
0.04942480052954088
0.04932926403567468
0.04947498824818442
0.04850902244613061
0.049513133181597335
0.04952990379135183
0.04975486305861023
0.04935479965802836
0.05046654085091214
0.048852339770296384
0.04945160286997961
0.0499375613963393
0.049288240992174354
0.04829274027944088
0.0485167445586796
0.048792004410803176
0.049846191403586884
0.049447140090925136
0.04964251692565859
0.048840120624038544
0.04893996658961197
0.049599439013143135
0.04932726577612855
0.04928170257609395
0.04912066136485685
0.04932129152166421
0.0481408610115738
0.04951114777784631
0.049327648224386456
0.04990685836301471
0.048661957290219875
0.04839714089722041
0.048529737723645834
0.048929026358142
0.049336239230030436
0.04944107126709512
0.04837812800288379
0.04832456455052056
0.04902091394068701
0.04816579197923627
0.04847975637794564
0.04939053137202956
0.04805233338099488
0.047813054388700246
0.04807205302378474
0.049780802936430515
0.048076958237434714
0.04839356930925697
0.04892591441395667
0.04853442074417156
0.04925777132373188
0.04894940756487128
0.04951153421257664
0.04916848833711299
0.048673286567295714
0.04946516845528595
0.04834854556937455
0.048295406615429096
0.04920609893016928
0.04931366358623314
0.04841655753682146
0.04740691938954936
0.04810469834791682
0.048822252301774303
0.047654147196193895
0.04738788052322308
0.05098763085760441
0.04867923487267083
0.04855517550237755
0.04869337173042543
0.04846101914832466
0.04884513396636167
0.04939263985994422
0.05031611742072174
0.04927058626577655
0.04689822900702949
0.04608963838404139
0.04768093342242169
0.04869739390553094
0.04900309013395291
0.04780791243699712
0.04817868928129484
0.04806106429139095
0.04798795658893877
0.04756183357574984
0.04912304614091488
0.04790341993099405
0.04774350470947963
0.04723892316312054
0.04684992803493411
0.047475968999439414
0.04943723247503091
0.05020936068481411
0.04841471591068437
0.047177879386944455
0.047145318813289316
0.047675963152067805
0.04783481651629954
0.04800485150747
0.04856180755593548
0.04824875581150187
0.04857654482831934
0.04855274206019157
0.04940218321219836
0.049907203370733205
0.050373524619111855
0.04942804280400528
0.04824924910544269
0.048551493286854014
0.04761999198694339
0.04910971581359461
0.0492833466595885
0.048788920009089666
0.04699096089562912
0.0475549425204743
0.04779247063939117
0.04906660729283732
0.04884797594913001
0.04795539939876585
0.04794310389517985
0.04893241921425328
0.046738497218558675
0.04675500262661087
0.05002062369020541
0.04838008100087401
0.04771528667981306
0.048229512741749164
0.04739256271762625
0.04735660761936395
0.048651404329301734
0.048998293086798705
0.04754137256744174
0.046494016633066605
0.04786142194089067
0.049782197105231754
0.04802476238269534
0.05048205099958761
0.04821074682894942
0.04829427730520845
0.04857401288728774
0.04869020713129981
0.045861564692148186
0.04613262427433698
0.049553738162140974
0.04743652503893351
0.044345799564291494
0.045922800820869504
0.048606531281863624
0.04696162134621902
0.04787238120853054
0.05018053653953783
0.04824697140678569
0.04713852204350925
0.047183646677265656
0.04855127744031477
0.04729595138223217
0.04822819008469531
0.048015559546160824
0.04704623377042664
0.04741905122174349
0.04836004384025583
0.04736507086709889
0.04883132080167266
0.04948263047618425
0.04740949323384815
0.0481815708061644
0.04719574630056701
0.048930301728632664
0.05002630749775292
0.05030490307730318
0.04811406943208925
0.04713230771992761
0.04691012085277629
0.046096656358539934
0.046580778671211125
0.04859643864910711
0.04947606778937081
0.04841335273061801
0.043560400139785335
0.04388189555355297
0.047178261334397405
0.04803924260524309
0.048182085747730544
0.04976198879981089
0.048549223761746495
0.04268027089718619
0.043223438575093844
0.04516582282938548
0.048396838018500685
0.04887316249291848
0.049275510499965966
0.049190342288148774
0.04677277478474603
0.0474303163388334
0.0478217490670706
0.0487699049983044
0.04943640473530129
0.04999109140838175
0.0500760452055322
0.04981824475600368
0.04856267815697486
0.048182570516638865
0.0483737728785435
0.048451588008749824
0.04985412612500749
0.05057661435159934
0.04838142331016282
0.04698549833818951
0.04873923006734153
0.04868218203567788
0.04869038374851437
0.049825450275601146
0.04761493139552363
0.0485098780332729
0.04865891820035348
0.04744378593727087
0.04720384261421249
0.048077106345398975
0.050225376552262065
0.0495148640262295
0.04872262937190831
0.04842367108572804
0.04806389682049409
0.048062891085284276
0.047916244428746396
0.04930018361496364
0.04750935016286447
0.04534580188837583
0.046946347992768006
0.0477842109157976
0.047270213718774025
0.04873686064074584
0.048681605256298985
0.04661271733073232
0.048159539583518464
0.0476103046242469
0.0476583799734847
0.0488070141435607
0.04881161985809905
0.04831640153051256
0.04551093879317648
0.04718491595548912
0.04788559431917407
0.047300802994239985
0.0484995031524455
0.04927126954978268
0.047135725442379275
0.047604216090314705
0.047331800187601
0.047866811299922665
0.047482859044679235
0.04890584376700261
0.05034881374309013
0.04737729660801532
0.04847746922785934
0.046127396299471664
0.04534537233844535
0.04686934231722428
0.047772989204432695
0.04715152645286931
0.04654728036650518
0.046729707490053965
0.04598609007262882
0.04815303107514024
0.04928161721406529
0.047257292487887965
0.04711596757081553
0.04780087364674771
0.047988963250808654
0.04706379293064626
0.048394685790221714
0.05091459715116628
0.044947768632923976
0.04446293630601924
0.04637385709985264
0.04770501728222431
0.0476230414645743
0.0489724834725103
0.05008022361776771
0.046760588717381486
0.04728537332107298
0.04701364687042008
0.04870495637751636
0.047589175360002525
0.04772290455304421
0.04969634849202337
0.04716953691822085
0.04615270051877801
0.04524536241635474
0.04452938910235182
0.046650496476579005
0.046915545085512794
0.05007604520553221
0.047667704331128886
0.0466078303672295
0.04741428727473525
0.04641240438613018
0.047317554671645744
0.04850371369674785
0.050216670597671896
0.04487244974469227
0.04532175503304769
0.04818647558342545
0.04727644508465958
0.047591776123415974
0.04886207501973676
0.04754964220389154
0.04725483429976017
0.04672047137983481
0.04512659575319606
0.04690518412815427
0.04855999047565174
0.04980882640353787
0.04748554924221889
0.04179654901014756
0.04211632038766147
0.04670384704370519
0.04702447860794797
0.04754474836303845
0.04537093964077366
0.0452338208521671
0.04554789533546083
0.04633263422099322
0.047390322786600984
0.048975456366430616
0.04953457944440558
0.04765315387688086
0.04719692644633396
0.0482645034348948
0.04704317212918295
0.04664758069884802
0.047348660802044806
0.04982283899404075
0.048132539987361785
0.04753902072597018
0.04735064959906671
0.046538762335372526
0.04677422475651707
0.048291084237948916
0.04872901765124307
0.047573673024804794
0.043520995970075256
0.04293427531431415
0.04511949390345597
0.04545299755984948
0.0488430739561956
0.05113048908324324
0.04691061155421991
0.04668040993180134
0.04656154728333245
0.047368919670169055
0.04867286025746447
0.049860109672126694
0.04643664078765556
nan
nan
0.04610507724136628
0.04635761917759433
0.04912130247284898
0.04846979662713027
0.04829738632115435
0.04828716980295035
0.048568717393627975
0.04909178036609693
0.05034059751190113
0.05040121925652154
0.049821350221406026
0.04818541331106727
0.04815813640413848
0.0483909316817858
0.048334112107559585
0.04848052133877281
0.05035888325918796
0.049862584595173585
0.0478400378844413
0.04830674490401998
0.04800872426226024
0.049528909410868
0.04964368866142763
0.047954494127914186
0.047902201834793594
0.04842949181454088
0.04894351879305593
0.047938445327752086
0.04851353704904728
0.048762103557404624
0.047210492366132305
0.047333100853596946
0.04711072153280866
0.048863825924979266
0.04832768891739142
0.049797148409563126
0.047554038923170346
0.046351480101374916
0.04584626187575614
0.04710436607189518
0.048454076900909054
0.04914938536959505
0.048407549749211645
0.048401020102823766
0.04869676843526791
0.04798575894476077
0.047792411617809026
0.04899656583101675
0.04964935631636973
0.04554870004278548
0.047706521990389994
0.04680210343069108
0.0457505908501794
0.049041170420641114
0.04962178495957336
0.04843275021605511
0.047781094017377
0.0477230547670593
0.04790839354826792
0.047955180829875405
0.04824832390692746
0.048220566440863685
0.046743159227194894
0.04694741489470698
0.04868467286457141
0.04964980317472412
0.049320603917304265
0.049382083169157966
0.0488595269698249
0.0462456440753683
0.04656765262497595
0.04597422316398512
0.045918593374025235
0.04843608041043264
0.04919651597908231
0.047542942952485186
0.046234676906554584
0.04704841047903493
0.0475807941589391
0.04718137691591314
0.047250670619659485
0.05009508055579687
0.04801877044165646
0.047510988672967915
0.047972499334484435
0.047759719744257065
0.048703534683243684
0.05042937048412799
0.04637173737089468
0.0467683187230697
0.04556316613982583
0.04740950999502197
0.04732906036530862
0.04740248425560948
0.04900963011354486
0.04490641617433125
0.04645574558318737
0.04708368989275795
0.04446734089420316
0.04109749993299037
0.048731654404624895
0.049229652894104074
0.045759950961247964
0.04492910862100845
0.04288724726387865
0.03747181948638695
0.0468098695287419
0.04965188241430187
0.0470985445033772
0.046659042359971876
0.04627157791142057
0.04650067190441921
0.04539315749023907
0.04408564066022337
0.04982618529202425
0.025716867343007467
0.02970408176161504
0.04832200494476613
0.04512161116505781
0.04065613107432569
0.03973173270306659
0.05015914566941885
0.04544581713413894
0.04708912426828955
0.04844828649430093
0.04579041978982324
0.04626520333831658
0.04747334181677128
0.04956140083628989
0.040692537585619394
0.042248422333088426
0.04276780138579676
0.04496743028273512
0.047042464463010254
0.04488805664598049
0.050245258331558074
0.045961207615584
0.044749413795750696
0.04635262862431913
0.04694303890456831
0.04555731983394229
0.046250954785386066
0.04974744722702449
0.046301280592762915
0.04669283322457991
0.039149646658851144
0.039739210427826833
0.04620183453692076
0.048477354750502716
0.0502559188245548
0.044789973176260094
0.046577267720796636
0.047085117086372724
0.04605842436746804
nan
nan
0.04942741582649318
0.04553502583203876
0.04441739271240991
0.04324885705394835
0.046267680101396605
0.05016493210142248
0.04872206475944919
0.05046413258985424
0.04395174715757837
0.04234063205414042
0.046017142924534175
0.04605440089938794
0.046722997413939885
0.04812599370549456
0.04989870160587626
0.04723544293625725
0.04785091874757931
0.04777752766914667
0.04612336652897584
0.04757630062473832
0.04872312699502512
0.05039904358422986
0.04733018840746032
0.046425723797413276
0.047483762751022375
0.046782201182276245
0.04610692193458847
0.04903797812243552
0.04973016989942294
0.0494791481818392
0.04938279270358089
0.048302864789748226
0.047906307318851954
0.048932539776035414
0.05007817949435928
0.0497775119813933
0.04928850492172548
0.04708348377984962
0.046631665881649964
0.04838589813735945
0.0480282329139257
0.04825088294869614
0.047034057377566225
0.04770548992890733
0.047566063946686714
0.04954531033903494
0.05120577558655911
0.04917240633479018
0.04544507748864287
0.045412679685404564
0.04702663542462372
0.047186346817025396
0.048066918361942615
0.04965544648585041
0.046750908266498185
0.04604863106212232
0.047318738750835025
0.046611094636234314
0.04612400304803603
0.045808557015607515
0.050170845815783724
0.048263625620522554
0.046714489634336956
0.04770141294009793
0.048588044906080236
0.04825083851151153
0.048761373036550835
0.04905922584389978
0.04731187828727894
0.0469100100770459
0.044844357699253434
0.04618585465450678
0.045779522196261684
0.04529056494762792
0.049166960960750274
0.046004528301049695
nan
nan
0.03641357515486095
0.048234214162613614
0.04893695120785279
0.04897007941899899
0.04921182579136946
0.04878574292931772
0.04898032834646454
0.04996888592081008
0.049561974522483565
0.04974356857753357
0.04978694011399894
0.049068011142949154
0.04960238361133774
0.04981447075991864
0.049974037074562216
0.04803705545676251
0.04818591449844493
0.049747308031053206
0.04943865065458269
0.04963373934949949
0.047906213889588635
0.04811068847740078
0.04975546483814125
0.048942610262616475
0.04991816940224543
0.049337139372841024
0.049237782253652204
0.049265822161344036
0.05029880235947226
0.04962359722094039
0.049277092683549406
0.049846252085721195
0.049284770525603754
0.0482117456010947
0.04907224231827801
0.050294709304028795
0.050634023275385444
0.0506134872121207
0.05044522085996891
0.050749633999846715
0.05039043075132372
0.050256237440351924
0.04994438465010614
0.04994438465010614
0.04973016989942294
0.05079967190531636
0.050199644773621
0.05007877492315246
0.04988378522786273
0.05004325128087662
0.04985367412952747
0.05025806793456278
