0.05215382224177302
0.05152096201830686
0.05201203854530609
0.05175523827282806
0.052972990877963776
0.05104489835405292
0.05152009616612842
0.05193840079071702
0.05227741494313645
0.05162852306283376
0.05119990936850321
0.05236003623004981
0.05178018095327292
0.05146104588761809
0.051493161954797695
0.05129698437557048
0.051568735829862905
0.05145933609213675
0.052263293575055526
0.052764401675459933
0.05160185264898371
0.05159872134602607
0.05135912918673441
0.05228951570324817
0.05224829540954271
0.051473547935202445
0.05160116537081462
0.051637195463834176
0.052313023115255645
0.05077318311368056
0.0522400613351844
0.05205162749532541
0.05103571553926046
0.05224391257903716
0.05174864230803086
0.052446069091268234
0.05185993075176091
0.051608611823006176
0.052490495600491634
0.05123736383923212
0.05129270621557491
0.051451815945819226
0.0517341525757322
0.05223499802266375
0.05186532388605572
0.05245628674048231
0.052112449129091576
0.05163963584703484
0.052596516476828996
0.05179595226531743
0.052243930466274215
0.051794316354458025
0.05149668242387724
0.05118520671358323
0.051213420195629474
0.051674009790322294
0.05153212311478228
0.05157206770158317
0.05199013241355618
0.052532654038443725
0.051346833034213134
0.05255165784115263
0.05215226484987319
0.05140261477358848
0.051491062297263177
0.051534151749005636
0.051822083676620743
0.05113455622004366
0.05159548072351707
0.052345414985406076
0.0509725437449148
0.052021229031061975
0.05132392401506621
0.05230342472330702
0.05166081723719008
0.05111769911047238
0.052416898043871646
0.05055184634938114
0.05088183905024548
0.05193883054314209
0.05109610680413035
0.05115404759021728
0.05090607762750782
0.051773641309032684
0.05171293933773658
0.05173134521822829
0.052104235288058805
0.05073594963076843
0.05160735268138533
0.051820857036933655
0.05168341097255366
0.05197422457225916
0.05170256713930157
0.05192374226636764
0.051239617134046296
0.05176750244849725
0.051501697305054564
0.05075467974304029
0.050823920050758316
0.05225708462323594
0.05242763240318155
0.05172385207481372
0.05131490224214298
0.05251699134379321
0.05070028663199995
0.05142385878516042
0.0517728632721691
0.052744582217528826
0.05243323397823689
0.05163342639407913
0.05107766769761819
0.05148173157831412
0.05160321675561833
0.051919056083833105
0.051476363112626926
0.05189176488740978
0.05150535245978842
0.052194615458173665
0.05233108710803911
0.05166443136787582
0.051629990539733245
0.051573944564707055
0.05240803471326459
0.05247104257119219
0.05109199475901528
0.05120301347284794
0.05164893906042481
0.05212779024114886
0.05276610215943168
0.05169634124122286
0.05156676613380124
0.051540251609122706
0.05206176000711699
0.052290458051320696
0.05178278237749132
0.05152561407743252
0.051746072214571955
0.05171441941935961
0.05255175845217649
0.0514844862185756
0.052516963925302744
0.051234958530240175
0.05101223923853807
0.052281077930895724
0.051791834268261845
0.05226717485941239
0.051470639429059106
0.052828277239797466
0.053791733991953826
0.05128195899692059
0.051327609818187105
0.05235905312207571
0.052403177433306775
0.05261341867143629
0.05251188207846716
0.052584322970394955
0.05215939518621865
0.05212420713865414
0.05201164161461232
0.05205782808654544
0.0517353375581207
0.05166264776613128
0.052562851245214565
0.051449423807588615
0.05175335682444197
0.05251125257109787
0.05208182253348465
0.05138780006044264
0.05174448223685009
0.05188857812537883
0.05277611101874668
0.0529815731971024
0.05172004625399789
0.052407766758508306
0.05109477838877186
0.05178258925816493
0.05156128387124451
0.052546616493976794
0.054323073041883524
0.05339273660247911
0.05089051981231623
0.05137399805501666
0.050968879994405705
0.05190667763486895
0.05304572123459816
0.05229302320643907
0.0518036273279387
0.050970411481918686
0.05220977797067891
0.05254849414461518
0.052875486628001914
0.05185399642889028
0.05220306543733103
0.05197121617398241
0.053160829712457634
0.05272321008456067
0.05252957360119107
0.052920006491535124
0.05286774299623332
0.05161904137074842
0.050801873711893514
0.05226991106618595
0.051461790157142875
0.05299054320020643
0.05273696957242925
0.05230080397995485
0.05169658901568193
0.052731502721525894
0.05082034178382666
0.051959768186179686
0.05204436329078993
0.050681451314136164
0.050695048992056936
0.051308854411829516
0.05172076064006759
0.05194142977898199
0.05244354182322484
0.05213478937381256
0.051708257542951816
0.0515758262390206
0.05235050399257561
0.05268686531631464
0.05364945231427298
0.05220896908954462
0.051743437523067905
0.05257868186225346
0.051997516099798774
0.05155418070913925
0.05190161172292369
0.05291885178679858
0.05147421942562465
0.051605342308401275
0.05261976356903984
0.05293141131416448
0.0530858324227474
0.05272873186508352
0.05243376316399917
0.051681675821578524
0.0522182376225893
0.05267514257938147
0.05221871386400741
0.0525361242601565
0.05285018824892938
0.05128086805914177
0.0505390253260465
0.0530271070835406
0.0536024368267856
0.05347399083123221
0.052946292507500256
0.05230691056730842
0.053129500909560305
0.05133356527471569
0.05268483274872437
0.0536972373503572
0.05261778896539955
0.05364318018820331
0.05324847101303682
0.05138634454449406
0.05143700096764657
0.051904839466124134
0.05270030128689742
0.052363982803571095
0.052771685143283766
0.053279592311006395
0.052352595895544835
0.05246478610771234
0.05296524203234148
0.05458797053551698
0.0523644003664294
0.05196428585570199
0.051733084835205334
0.0518850180330083
0.051553403797116724
0.05304690644704646
0.05311957009151192
0.05149828346307047
0.051151061532412195
0.05144821140044981
0.05287447785552
0.053700938545543885
0.05385090308042894
0.05249594218485232
0.05222958555410464
0.051799980161471484
0.050811359686111265
0.05150519490102888
0.05243203116309621
0.053585492389211876
0.053137701699397556
0.053547435127051526
0.05271753207125591
0.05103442495983637
0.05165282111269583
0.05322004914043806
0.054359384698479216
0.05340554889342043
0.0524464859436322
0.05203213996734092
0.051673330364835
0.05155649726165194
0.052089686384274754
0.05398013193197888
0.052919482082973535
0.05227755776137217
0.050998622953586786
0.05247531949597669
0.05144022133455482
0.05229644895750661
0.05217113053496064
0.05275990857244806
0.053516163858730724
0.05245935266841979
0.051872963721598206
0.050672792384525975
0.05113788221626525
0.054816023494944716
0.05232455659881686
0.05207030601525015
0.051842603076282454
0.05089530870923195
0.05061262726667764
0.05224914950536729
0.052220263288672575
0.0525546864834733
0.05237356257810164
0.051644383291973184
0.051118833788435444
0.051613107367870434
0.05144481552109322
0.052251728079140636
0.05236023162721099
0.052526161206792016
0.05127604035175347
0.05166982028566993
0.0521675468433
0.053454019594661166
0.05294148328697305
0.05425710000511604
0.05296022154824255
0.052935808109981254
0.052455455039233545
0.053330825799925693
0.05373036307988847
0.05377250261840065
0.05152319187235129
0.05318528901622974
0.05149293972403084
0.05187457490749217
0.052937781139948
0.05324279163118619
0.05348624086324754
0.052825076967768406
0.05306707758540511
0.05227860584019209
0.052110741495632724
0.052174066552825936
0.05201557406945773
0.05287077594187133
0.053443258805783184
0.05233231257168945
0.05140356424493011
0.052401994228826104
0.05290020673619615
0.053135854370393025
0.052848065524768645
0.05176628552535406
0.05219428341488413
0.052857953091207534
0.05202521267063442
0.05393124288086291
0.0530958495834482
0.051131737238600955
0.052194419811242246
0.05195504726921438
0.05200283986565215
0.05243553100542706
0.05260934852831956
0.0519461971986931
0.05176895434270918
0.05246764156372471
0.052290197106817114
0.05336247525420694
0.05210121382711383
0.05275513517490974
0.05243941750895588
0.05208034794060793
0.051092655055306795
0.052574559076221085
0.05379919208090436
0.0533594061225428
0.05243913671320024
0.05321426938263264
0.05285034450447392
0.05226458663149632
0.052746085382251125
0.05361474750322242
0.05453966099904801
0.05292767934527505
0.052695276025118414
0.05213497089555405
0.05166669567791662
0.05099431522551041
0.05310717373179852
0.05280562456551986
0.05300134116099924
0.052301951402391696
0.05208070846593943
0.052361183494116496
0.05315274944356746
0.054489670681624754
0.05288835880117601
0.05334309885054721
0.05186672962007965
0.05150928189153004
0.05151883773532534
0.0535555705286555
0.052731029048811426
0.053369327401725744
0.05225860672116604
0.0530012107396536
0.05137538203046009
0.051717556071743435
0.05365040220248419
0.05360906039062385
0.053541833704720126
0.052407441381643986
0.05199278803857209
0.05322317751342091
0.0542205898649733
0.05402536373794454
0.05286188253429759
0.05222864982763623
0.05117684053034939
0.05132012220981754
0.05200285795531251
0.053200846734139114
0.052621961525796734
0.05462737508902995
0.054375966213381206
0.05178068500177536
0.05084566697188909
0.052918199985883305
0.0526687862487415
0.05257472674581818
0.053274928884884595
0.05241301540260901
0.052241130123243044
0.05353546802520798
0.05330026083261025
0.05532439785254028
0.055036069172339316
0.05380880861788298
0.052735537480682396
0.051156939555013194
0.05237589026494343
0.052436046555727374
0.052520952971681585
0.051621710944103054
0.0526803949824053
0.05231010011152321
0.05181423756553551
0.05155304934084378
0.05359132461691568
0.05386892312787728
0.053160053977835006
0.05217573128342993
0.05224220248227609
0.05153745387791419
0.052150802696532855
0.05263765114561194
0.05130648145857908
0.052292566652081034
0.05199401211882618
0.052135081101897775
0.05208503685088365
0.05213299845353657
0.052267338201105754
0.05355295049466646
0.05261646629022221
0.05154197085345927
0.050592069278641336
0.051796855441259684
0.05156311644064366
0.05164591151112753
0.05203946091921151
0.051408256664831536
0.051168303387056656
0.05194066876798454
0.053769348452437256
0.05183403818792832
0.05141452215478352
0.051757639570776864
0.05269853383266807
0.05169716057298376
0.05203152294426668
0.05297058469315617
0.05333653263126863
0.051504961768342745
0.050874386126475185
0.051825113585128514
0.05297276582595125
0.05298343781111322
0.052233952631725804
0.053512249976442994
0.05214651062836464
0.05124836796609704
0.0523867774575119
0.05339367377669184
0.05243162213726208
0.05293724057916118
0.052268549833721076
0.05092771809728938
0.051230255891427136
0.052964852363437426
0.05395340177409503
0.053591558061500795
0.05220485480899984
0.052413601811360226
0.05219034891079626
0.05219501306491034
0.052228531765741465
0.052346854651888576
0.05274412624565367
0.05196072430688862
0.05220003542389301
0.05253202975708542
0.05336859215419748
0.05372522049376995
0.051526230487953247
0.05249979607521505
0.0519651263496783
0.05151085902188651
0.052181279249519576
0.053047840583034855
0.05371836367704225
0.05477334431754832
0.054647980835663766
0.053190096248688506
0.0513966034106994
0.05265214087961035
0.05344899713168501
0.0535428302715687
0.05289331062225413
0.051103871173109966
0.053331224582353086
0.052786112789536536
0.0517523486504945
0.0531050867863941
0.05340302288434271
0.05366317893990044
0.05103155388062777
0.051142273474482934
0.05227590085925564
0.05310719967442386
0.053784222727976
0.05609499363278617
0.054901908720500874
0.05275878944773228
0.05144287609485275
0.05259584769298339
0.05465578428560798
0.055799330469110335
0.05659457343188275
0.05321889417573477
0.052155733073712414
0.05247034546474009
0.05336768161629731
0.054174873232560185
0.0579192099978366
0.055697424174717576
0.05264640091230549
0.051833228981185045
0.05195221098416822
0.05419611928312015
0.05424933159975079
0.05355237941661229
0.05445421473479082
0.052958020575951725
0.05168556754025526
0.05227482782187674
0.05586302703189456
0.05555844367099926
0.055621715271122196
0.054237142172914136
0.052090741926357174
0.05154242827554157
0.05205218002970492
0.05502330271224071
0.056202906345321574
0.0551005371351139
0.05403970400845911
0.05200906246007656
0.05165655660779453
0.05275161383194647
0.05529958236664544
0.054528786943629774
0.0558992183819178
0.05675722177528841
0.054568442801427364
0.051595154887348414
0.05288226885119509
0.05343098145047818
0.05279830121021696
0.05379217923652343
0.05471498556058063
0.05300642880903976
0.05094920653864766
0.053072597015378725
0.055717725725415855
0.05598179581872768
0.055222231603184825
0.05328001916038811
0.05271288253373735
0.05167410463743301
0.05405579614850984
0.0571354581269806
0.05783360507142268
0.05703222694655522
0.05526075162192472
0.05325480611488124
0.05205737252038605
0.05297555500291983
0.05739599233217066
0.05423152247695757
0.05198853141669023
0.051567798574525835
0.050785461909910366
0.05150135263804461
0.052488483966117494
0.05414225190641171
0.05381186774850802
0.05428161175628132
0.053560627833877696
0.052831948660965564
0.051089577503729104
0.052498804506617716
0.0548453486917428
0.053161616971100875
0.05333489212564677
0.053126127560029754
0.05191439254348293
0.05129412857424352
0.05179042588933297
0.05307702139415683
0.05142806277634478
0.05317644960963611
0.05269828511683739
0.05156037630176207
0.050737325364732654
0.05190753129298823
0.05152014252524166
0.05228049708718573
0.0523213367978436
0.05199685539776564
0.05208401159146748
0.052048484940093905
0.050738162164024235
0.051212397516628545
0.05220746626075832
0.05191253986767923
0.0528339369724082
0.05246056824131476
0.052558189373343125
0.0527837799477464
0.052370871799548385
0.05126388879657995
0.051326886014603966
0.051943488022265685
0.053224948433351564
0.05306619081838457
0.05322182232065647
0.052860258697864294
0.05312648661247699
0.05208666040158249
0.05141026793515197
0.052367848171091955
0.05238789385360808
0.052539265540849964
0.052031469801320694
0.05181716866902947
0.05142866430094984
0.05174612252123633
0.0521437487882648
0.052015852278339686
0.052218664853881366
0.05250829613120279
0.05180579827563766
0.05176864736787429
0.0519328765567735
0.05312358988130577
0.05402531498848163
0.055848780265311884
0.05334959265093467
0.05272779918682173
0.052155840191277024
0.052048265554517345
0.054237591959712894
0.05651068425015762
0.05329595164350214
0.052393187403255034
0.052013707341168225
0.05201979918438511
0.05100939025947646
0.05183058940109092
0.051529686714442004
0.05274396671370836
0.05180307084968889
0.051623181823769744
0.05192526822954078
0.05252585541221344
0.05237879738874942
0.05119320605004142
0.05173854992097014
0.052289989512198695
0.05244040503059765
0.052183544270683634
0.05116708898110099
0.05166729057840055
0.051699163382580134
0.052103452756098324
0.05173120477140284
0.05212837412238256
0.051859661272685355
0.052316406103700766
0.051643369366055465
0.05166567339375762
0.05245537070652463
0.051830284421363414
0.05222984644477943
0.051601091146321325
0.05199564152941133
0.051655501768667
0.05260001647331265
0.05143551220043862
0.05157220322833131
0.05202232221171836
0.05187593472285659
0.05109618405140557
0.05087549067878674
0.05170315639819361
0.05155657573833845
0.05129555105337856
0.05187593472285659
0.05099029969682492
0.052106130494588926
0.050826347140199166
0.05167842322413803
0.05211926557759977
0.051386694290955014
0.051152301441557496
