0.05122290078470692
0.05086663378973406
0.04950659473807053
0.050098924113074185
0.05093663911477831
0.04864708045801159
0.04889797541760528
0.050375420644755815
0.05029315279191205
0.05039750737892994
0.050125916740332205
0.04993936083801341
0.05007478332839997
0.05097335916373435
0.050883530612678085
0.05107256482622643
0.05082073585163043
0.05056915124221275
0.051380971437002536
0.04866058595183178
0.05026640584368525
0.05111907464633615
0.05005433358302707
0.04941827774436773
0.051232967562072525
0.049397870405618605
0.05013368204331574
0.05066682636295457
0.05045463362501561
0.0506499780717425
0.049895319458403406
0.04899176930850995
0.04936400438523068
0.050156810287616635
0.049763763689171694
0.04970813607644954
0.05061568460117921
0.05187387445642686
0.05184686479580658
0.051789590379228576
0.05107091601592498
0.05025174767646442
0.051501398173124706
0.05093020923999214
0.05088596388738758
0.049160494729244116
0.049062101896390035
0.049706730797969376
0.05084279492065743
0.05031801444943062
0.050855510458805445
0.05010546683044361
0.051162237629777924
0.050479302047694914
0.05004715874209892
0.04986430621794018
0.05121428829190462
0.05111412193508396
0.050427250879801905
0.0502739113398722
0.05089069066550114
0.050235684608045846
0.0506590580464906
0.05038977181265904
0.04995035366277723
0.0497372981268952
0.05013226746276749
0.05101246241896013
0.050612777635385714
0.05005102373859376
0.05046900686592602
0.04961475079283238
0.05034517967639665
0.050719407351343844
0.050273311656801316
0.05109880608750737
0.04944710236480053
0.05113439879628256
0.05030322105211506
0.05177518617063953
0.0518716912910942
0.05019066426965838
0.050844860653694764
0.049398586147250505
0.04929842635817556
0.05061940862220478
0.051168909679329404
0.05174512147589334
0.0517749034319116
0.050473273192611925
0.04930143385180292
0.04978309289115376
0.050019204202706634
0.050062668754940136
0.04981973510133737
0.050903572259392016
0.050288599552528776
0.05065959604350529
0.05034420907176952
0.050533540377896265
0.0518061986128134
0.05091657935305228
0.051333727534610206
0.05042821073975793
0.0505272530038036
0.051161145623002426
0.04991485063216065
0.050511730040801076
0.05036338023248991
0.05053222791938352
0.050763045007607435
0.050244134275354825
0.050462859793446224
0.050668612735257454
0.05125617961768014
0.05084926187377403
0.051190898639149794
0.05010079843084671
0.050365254135898166
0.050032985838454155
0.04958261376924872
0.04976534844646384
0.05140665926066271
0.05126592017870752
0.050336860272390524
0.05100180087954914
0.049437372041744615
0.049154522644041396
0.04952547900760141
0.05033371907171683
0.05025196182486187
0.049814842133054545
0.05066026698743598
0.05048401674996938
0.04897071645953832
0.05020926588027969
0.05067231913858668
0.05083110672441824
0.050134442432963396
0.049680207645212006
0.049810664742781216
0.050130562594273204
0.05071122973489719
0.05115029630221167
0.04960168806007725
0.04938711843261087
0.05028979901023861
0.05114038991647257
0.0493447110246856
0.050531761850117866
0.04805933713178425
0.04796478763049608
0.05078494829170641
0.050943198918278775
0.04953222397960723
0.05007150157996959
0.05006076832015616
0.05012036781414078
0.05001014130050441
0.05046628133585274
0.05081229683916389
0.05049158673319341
0.04994962612827489
0.049716224266436945
0.05015580325516813
0.0503259317562535
0.049852194854480544
0.05016648728520097
0.049062052879711895
0.04849668284097828
0.04824853686510115
0.0487247871633244
0.047393765480005456
0.047810559467166246
0.050752212033392266
0.05030160228242547
0.04868579805342046
0.048212455716036995
0.049383182343388635
0.050045127154416974
0.050584979662053775
0.051909722530011436
0.05102206718945365
0.045534423098304876
0.04678879455629419
0.0486070035746429
0.04751322376948506
0.04992943118737119
0.04833040509491954
0.04764391467413053
0.048727874904636356
0.04883644055168824
0.0500071856676418
0.050237507073345775
0.04880670000873233
0.047831018072977176
0.04745194068718401
0.04640590509530475
0.04767277119713269
0.050670939050859676
0.05154394021819989
0.04946594738592129
0.04808085222859658
0.04756854441240675
0.04918671869430022
0.04957740394093635
0.04885961328686594
0.048316281938870595
0.04928752335268727
0.05099794015612004
0.0506541992025272
0.0502572146903635
0.0507757742864659
0.049879962067953004
0.05068700580753722
0.04894083113159027
0.04832367667862837
0.04911423652578673
0.04981264919477781
0.0497976808902698
0.04933153364796109
0.04893385113429103
0.04917740053187521
0.048195579071094695
0.04920650521013281
0.05008658035645733
0.048893488361194164
0.04941906372792805
0.04836822144585613
0.040137028391428756
0.03993876343642271
0.050334994692772375
0.049620199634267115
0.047837725842219576
0.04999839278342118
0.04877265357195859
0.04896458663384203
0.048741881701630796
0.05043798991118912
0.04826290894149935
0.04616772540202355
0.04922654112026953
0.049334458670903254
0.04919253869985461
0.051643323716111154
0.048266138181747506
0.04787468843056432
0.04817364368394646
0.04878924467331319
0.04401127239959965
0.04411682497080114
0.05113251672589385
0.045744748133701635
0.04385299762686291
0.043307977291512034
0.048324426562085326
0.04863564175487551
0.047413779945665535
0.05126799163344694
0.04912053076762378
0.04718095677089656
0.046000098566873246
0.04963907135941357
0.04993671098649103
0.04942524959324932
0.04906456183218379
0.04778409728752916
0.048277792780217495
0.04720739393007445
0.04734827523731353
0.05073570107338928
0.05002264375355562
0.05025483940769474
0.049685140742165936
0.04854962349766494
0.049293738839017866
0.05065513692964367
0.051537951759231274
0.048473344783878734
0.046709515577810216
0.04865178962133444
0.041722510514723865
0.04060958432543523
0.049764865866641174
0.05219979155483954
0.04906244405075813
nan
nan
0.04742278010014966
0.049217948341832234
0.049137366433566365
0.05095570612269156
0.048108400061485014
nan
nan
0.043522763982698685
0.049437040005517234
0.0508244138186676
0.05167866594944999
0.05036792946690964
0.047143052260969084
0.04844421424407636
0.04853834515015872
0.04791572663798844
0.050690609955820046
0.05125663194080035
0.05215383559109723
0.050798042236883854
0.05026971877114075
0.04805859319428092
0.05089342356339083
0.04925989775685774
0.05049579895949622
0.05115440754720832
0.04863937538532537
0.04850525478983688
0.04952425804890666
0.04928354494248299
0.05043187134329549
0.051888679326339344
0.049583447687729265
0.04971041062476514
0.04969592938894038
0.04773274546713597
0.0485121481414494
0.05031130199364062
0.0510839552933946
0.04941336605138236
0.04909094158137856
0.049397295214955124
0.04912290313014206
0.04942425557628571
0.04915404374278185
0.05046144571996388
0.0473319770592031
0.046075638115002183
0.04810868268968703
0.0452701482503637
0.044421707536940525
0.04870830612204509
0.048404560352578854
0.04732033725363497
0.0485883208359676
0.04646957971022994
0.04801907007254937
0.05040605011703483
0.050617624298603815
0.04866722879607502
0.043463293284231826
0.04380440870319222
0.047929017140590564
0.04790527708522981
0.04967508051509377
0.050256923850175446
0.04729796160865946
0.04646571965599377
0.0467089642900963
0.046222559142516384
0.048600312744250196
0.050504414370167186
0.05156252032182179
0.04538768762758382
0.048144667800387696
0.045122713214815285
0.046991001280556687
0.04683744318076264
0.04778399984600718
0.047842004352302944
0.047930107759375756
0.044717121921772095
0.04578329526889318
0.050262235773564035
0.0508137756129512
0.0479032895804567
0.048061063358647155
0.050022257086301945
0.04905882972064911
0.04962172765376203
0.05022809903873837
0.05064887418690816
nan
nan
0.04818263756514185
0.04745827170249805
0.049200287188296735
0.05026848880051615
0.051449767187684674
0.04585756164044621
0.049244675720213404
0.047721663459794436
0.048823148691766294
0.04698767349465496
0.047528221029960335
0.05046072335700442
0.047320060035010575
0.04688664789832264
0.04090892801447084
0.03782238391284825
0.04612590764954187
0.04680544110060721
0.05032975695313754
0.048152213101447516
0.04686807552769883
0.048124708296150814
0.04707062653730221
0.04776967346288979
0.04933766509230927
0.05126537991065704
0.032549982213156026
0.034088935208472164
0.050203983649017105
0.047028619440237465
0.046758361383277415
0.050013748714984346
0.0485346019471116
0.048320800383191274
0.04710771662670071
0.04012463310878962
0.04286214239331814
0.04996367167302402
0.05163012530294527
0.04743348783290294
nan
nan
0.04678513823593882
0.04715337300017945
0.04997809804378481
0.03787147372787194
0.03724522470131726
0.04093526696319568
0.043323185737016386
0.04822422895799985
0.048999695261969
0.051257642053256815
0.04593304922783066
0.04640346198194749
0.04880937209268566
0.047319324529474564
0.04622757557363267
0.048172010105663285
0.0508778817945855
0.04820939407175308
0.050193559813675466
0.04758876089641972
0.04664614853770977
0.046954101957087706
0.0485135465059923
0.05092755596084813
0.05062623521394939
0.028842363242842402
0.028317487426884863
0.0458199554428982
0.04552299248771416
0.049271112010782735
0.05006555665263046
0.04411100610588453
0.044081221169300806
0.04761825118356504
0.048371674858539285
0.048831971524213605
0.05107256482622643
0.04662341542448929
nan
nan
0.04422515720815079
0.04526269039030966
0.04972260012053089
0.049726988245121846
0.04841063924333485
0.04830790655734081
0.05012878869317647
0.05116630305753936
0.04994487270106711
0.050750926808416426
0.050775403707514634
0.048794663547260954
0.04953681037430457
0.048699397909162535
0.0502806439880353
0.050588814079581
0.05125311612023129
0.04916924916690706
0.04860220342376236
0.04921103062659209
0.049626208983672086
0.05101906877242398
0.051037241838911306
0.050288414812371604
0.04889627648765635
0.04974340673412353
0.04985221226801527
0.050147282634533774
0.05052397058911503
0.048146111062530354
0.047018624788746056
0.049119850456929244
0.050023917330420005
0.04873265981147439
0.049028679787165526
0.05021580535870968
0.04854940675712481
0.04347356861224509
0.041384175154664964
0.04821545279259915
0.05027948665979686
0.05200972097776004
0.049491793068343726
0.04966389222161762
0.04752306478020825
0.048628527743429274
0.04834927035914622
0.04988157470595809
0.05050122761554738
0.042734228739729416
0.0445034606370083
0.040407216237727674
0.04102521937376069
0.04963180011379673
0.04839547841096381
0.04831912984267542
0.04804462192015414
0.04799452978934775
0.04899679581416199
0.049097621466347226
0.04813783525997056
0.04928550968312312
0.046182997843694014
0.04601808832181902
0.051660208845382576
0.05001248380195175
0.050546829120226774
0.051017222526136184
0.05026967883471911
0.04548066752769113
0.04735787286755543
0.03721484963594379
0.03679603867392752
0.048943356458040044
0.049688388030007656
0.04869670387179467
0.04769136219918333
0.047849097089625085
0.04827482970119347
0.04583135549700392
0.04564093764745253
0.05170743851577612
0.048170411019447176
0.04703592783570311
0.04890255795680594
0.04801935287406182
0.04980051969248084
0.05167429276407519
0.043028804260894414
0.04307109360130794
0.03790863082778345
0.04032704722156168
0.04703245394452972
0.048412859455819204
0.05099014244595496
0.03785986071090239
0.041709759495065266
0.046010989317629106
nan
nan
0.04966576670812566
0.04887743037079164
0.04471547067506797
0.04130519855132191
nan
nan
0.04619647075627266
0.05167999835175764
0.04819856404942887
0.04754039289976313
0.04553042842948092
0.04648888131345132
0.02916216423638834
0.027344982694057746
0.05090374255605493
nan
nan
0.04616867450392626
0.042035045454382094
nan
nan
0.051398205053152124
0.04324603640445991
0.046150085945552435
0.04666688512990044
0.04212235592682563
0.04114834535281792
0.046998524051453355
0.050368314400503426
0.017032018535077926
0.01779564339097948
nan
nan
0.04408627671065822
0.04044285780161336
0.050311786606215915
0.04547406016949097
0.045299696923644495
0.04543137380415062
0.04561406132058329
0.044624993242925126
0.04444738915659589
0.052065825566192395
0.04606935192183956
0.04678651824961841
nan
nan
0.04563268673408654
0.04949114818765513
0.05123827581424639
0.041438047270891044
0.04070538272188143
0.042760116275298236
0.03236578540096861
nan
nan
0.05036636858974394
0.04567422343154601
0.02153762662240519
0.01996940268441471
0.043876936348004145
0.050958212649853424
0.050529331729952214
0.05132524002838904
0.035664823945469375
0.03595333490088544
0.0460984814699071
0.04690859187630076
0.04581569995455116
0.04903698840516939
0.051150466798392656
0.04687466688555522
0.04748350797612653
0.04820983936057199
0.048902543091578
0.047529597608309805
0.05025970296711673
0.052146441554623085
0.04603100455786516
0.0447729107521681
0.049037718352134635
0.046229866556605256
0.045791265674358664
0.04998558619344621
0.05121354484396718
0.05088836612848737
0.05027069548258557
0.04974519108784332
0.049664124872313774
0.04946253965675971
0.05100833799096231
0.05068383633466534
0.05129794324608635
0.04679263002399453
0.04537384288699473
0.04903283836648364
0.04837832305697424
0.04858271330920036
0.046056693028754966
0.04652363821289844
0.048707220319349834
0.049897134430954775
0.050013356697642286
0.05037863601659577
0.011762705583311788
0.01170389808131833
0.04757962777268509
0.04759613315755581
0.0485506654201064
0.0505449571378667
0.04238598062013796
0.040697051650404804
0.04666176370467029
0.04685356348831021
0.03737046514564253
0.03681186533739468
0.05075812026773669
0.04716677281082836
0.045709802799999595
0.048449294402343704
0.04871769605840545
0.05170447937984699
0.0503999834692636
0.05056624796645766
0.04809793744741318
0.047979723156943266
0.0049468908372351135
0.0050125989157259335
nan
nan
0.05033622139961465
0.04311080802463366
nan
nan
nan
0.04912524500605074
0.04912650663560855
0.04836149204360579
0.05049616353457986
0.05032626877276903
0.05105866002703784
0.04964842073126577
0.05087467545990507
0.050896678776245714
0.04965290892242514
0.049941693001393235
0.05074089808930746
0.05136957192386698
0.050381527537119
0.04965724865043856
0.04881319225201153
0.0495258709474361
0.05079235585537636
0.05083712370942469
0.04815675124594509
0.04858597096114253
0.05067134155244994
0.0499748936125288
0.0514835198167464
0.05026838643646268
0.05088045438121816
0.05131312019754934
0.0516636900823046
0.0502474096835587
0.05073807680121235
0.05058186617539951
0.0497267393001998
0.049585117198539495
0.05089456542943865
0.05046590539285053
0.05127712880821179
0.05166791577775948
0.05198409853910822
0.050596659491219616
0.050949819888083774
0.05149910777711923
0.051460599159615594
0.05115773521647122
0.0505202668228102
0.05172543398055052
0.05171112954721875
0.05250633467049648
0.05106337036840644
0.05091884097819591
0.050438584462886196
0.0511132013110832
