0.050714138429581376
0.05167502104834089
0.05040479654134239
0.0505098620418561
0.051051744087000236
0.05011988890879189
0.04988991093101529
0.051008039517903676
0.05129735838784312
0.051044110113141465
0.05153563403898445
0.05131354245229917
0.05122428394291332
0.05111459093821479
0.051330858222247054
0.05066213261558108
0.05237620702193022
0.05207318853110305
0.05093527789713202
0.05102327738952817
0.051119109718491894
0.051102951787015016
0.05174354133695586
0.05067686495883169
0.051893435792177804
0.05077637682295559
0.05078809371021811
0.051075669174764284
0.05140542216106335
0.05137750798531727
0.050453693639300225
0.049686424684639505
0.05100205952259171
0.05183591730683186
0.051259993063406555
0.049905331466943086
0.050946539435833826
0.05160945984761918
0.051176214096292735
0.0516495616833756
0.05171107064735562
0.05066697811816673
0.05098004002840798
0.05012980715896837
0.05167387203582703
0.05139389443522566
0.05015108556859669
0.05035140486603076
0.05111399037150114
0.052224711533040154
0.05111770680221076
0.05052250554919115
0.05114904229064594
0.050995202065786956
0.0500001087696592
0.05085650896709855
0.05154535699310023
0.05009558269804207
0.051181283994636104
0.052164940064093855
0.050898803271850375
0.05049973860747852
0.05175829823772738
0.051104735942693345
0.051498519807942594
0.05186237321988034
0.05039248827891929
0.051407296145066575
0.052481632006804065
0.05109801501345264
0.05021813714217999
0.05177887329553031
0.05109063548513247
0.05219901963775159
0.04998719398200419
0.052944769905493995
0.05073323433562355
0.05231576740953756
0.05099514223901802
0.051588676808302335
0.05101937628360922
0.05181224081396047
0.051171651936234346
0.05094190252739025
0.051136008008594136
0.051265321280565906
0.05250309443942289
0.051691784612866255
0.051021251112615844
0.05124182660862697
0.051716537693858144
0.050509354953362104
0.05056822363420849
0.04989227774358365
0.05144411844574401
0.051827423982211074
0.05053651914433568
0.05091109070736275
0.05018717508462406
0.05062966067764972
0.050457507760336986
0.05178147193393044
0.05219527075040371
0.05111890015353044
0.05243122019130154
0.051349930483762615
0.05025911458404715
0.05097800188146299
0.05181616787488613
0.051671760616878025
0.051806112768208186
0.05133553879289537
0.04986411391310674
0.05115044048194438
0.05054985260152763
0.05101711146303158
0.05059905542842055
0.05081985018424136
0.05091074889322154
0.05121374517487864
0.05269108901052428
0.050413860895257866
0.05058671396055985
0.051207537731983006
0.05073306468964378
0.05129945129258528
0.05065944519586494
0.0514759382436645
0.051445880198198284
0.050968389340834634
0.05128066639474984
0.05069385335591069
0.04996591728167454
0.05085069981353209
0.05070891875083889
0.05029293536047605
0.05075575342203296
0.05069083954425765
0.051640737531220414
0.0498407424400502
0.050575387594204234
0.05065107539495098
0.05131382248246771
0.05100268522814879
0.04977693039219637
0.04979669797305919
0.05062941789033978
0.05148000599903658
0.050520095880951014
0.050553169409962316
0.050466170625145024
0.04986731994964407
0.04961474177569308
0.05075571502612358
0.04982686249485365
0.04989835623836244
0.050449544130790475
0.05094916983250083
0.050027908642493894
0.05056987474053171
0.05098944260499104
0.05047555648938899
0.05068662648942819
0.050507170896612594
0.05052033070762391
0.05015604921956248
0.05183433513758633
0.05068227055146715
0.05018958555640914
0.049293418828214405
0.04969369901924003
0.05013642066856827
0.0497091916058295
0.04983442795432896
0.051608370061282924
0.04997120776595963
0.051559482913798645
0.04946325654707493
0.05006257835803173
0.050458735325488814
0.05130994171324543
0.05139540436777667
0.05189188815808501
0.04898298367971661
0.05082989806305292
0.04989252480209084
0.049955507280003295
0.05037475913112951
0.050011941945317155
0.049870712478985856
0.05047910880559457
0.05006506781592174
0.05109942286601331
0.0500688446566607
0.05024387157551452
0.04874857522794521
0.05025496830022489
0.048550785959320504
0.0498155933967409
0.05061804961863447
0.0516826246555959
0.0508697917866138
0.05055453425166159
0.05027538646796129
0.05102329093670397
0.05079381580266072
0.04974825773496666
0.05134649659181442
0.05081122044131392
0.05121141358253846
0.04961394360394159
0.05010539854408506
0.0527068672931929
0.050877916589608045
0.05023323346314795
0.05022093899376163
0.04876043201181946
0.050769087093858634
0.05039046295433179
0.049804595796906374
0.05066743164915905
0.05073690307492275
0.04982862126607827
0.05165283560968965
0.04971453593381219
0.0504964679565826
0.050847429121201375
0.05093959015519969
0.05031818629574711
0.048665715458765475
0.04865221024666423
0.05120516430758605
0.050051163890244804
0.05090219594217539
0.050642742192044655
0.049839224210086894
0.05107528104162862
0.05098350998026961
0.05001602741925792
0.04929326724379402
0.04962922879390414
0.051283657364728126
0.050897996724605744
0.049557024113993986
0.05117370627897757
0.049707668236342685
0.05115419711231858
0.05053927143882478
0.05053669366862192
0.047403411150861004
0.048012866835058475
0.05136091332526505
0.04904288821389236
0.04911852558128004
0.04770364245237177
0.04967812434252162
0.050000281325852845
0.049500302531564094
0.05097225708108571
0.051098258597276465
0.04969605312558198
0.04850049584731617
0.05005493264706064
0.05042322811327261
0.049789098903823
0.05056951367147301
0.05004772376337692
0.04929267151191393
0.05048142244196245
0.05028450176387827
0.0511293465270291
0.05144440079296238
0.050615945114501674
0.048810809932770614
0.050291117365862906
0.05043382222802209
0.05094902948507545
0.051553883665343005
0.050020446160768645
0.05085109057098846
0.049247366724928424
0.048549834216239984
0.04832524309599015
0.04980304924253828
0.05097612060443741
0.04976418198314478
0.046007723107358685
0.04757669262905202
0.04936434608997258
0.04934182461155939
0.04990729609224237
0.051551545949556674
0.050339111141685176
0.045525964700634455
0.04660448555615681
0.049157273983167056
0.04912093924722931
0.051728051581717775
0.05189694397243451
0.051139681115366535
0.04859629059959453
0.04939722652385539
0.04873383717306651
0.04874442308400312
0.05103201110069622
0.05224089816153438
0.05165731431749218
0.05196692563403564
0.050367256079924934
0.05002962548151628
0.05035448150510545
0.050764298277840535
0.05143926575251245
0.05094369756842151
0.04980015007080082
0.051074246151327315
0.05161536018813394
0.04916441738013189
0.050134398200496894
0.05156959644523966
0.05032157122149534
0.049845477208235914
0.050980075857240174
0.05076695962218764
0.049033699929286106
0.05061313214321769
0.05042903060296656
0.05039871921993932
0.049899883679298644
0.05080026890549829
0.049942875970435154
0.050055803798951096
0.04933843330808545
0.0528797035799689
0.04937519473991324
0.04824339504694079
0.049765004048466906
0.050954474228014766
0.04870842520274354
0.051276804475267425
0.05057428047447238
0.04842555601470031
0.05088572023740082
0.048705413000818924
0.04981523773312744
0.050104537234911886
0.050666643577748645
0.04918053735447935
0.04788465326844315
0.04895598133716441
0.049953029343345494
0.04883106580567974
0.050603851964488085
0.050751054308386195
0.04909593964930336
0.050147088990834324
0.04985010789726793
0.04981394732271925
0.048544244108802946
0.05109985993429268
0.05125435196360424
0.04915100185159506
0.0499062370028865
0.048149552791669194
0.048962505671493343
0.04890909231078718
0.049100061174379483
0.05114206878511511
0.0497580242269227
0.049127670973541815
0.047849078488906925
0.050363504722769396
0.05128791168696165
0.048592673943245616
0.05030023879321812
0.0503080438979766
0.05065682883648447
0.050479548926405174
0.049963126229545844
0.05169127119407638
0.04684206799692625
0.04680879164745965
0.04926068320406442
0.04912321043541558
0.04998291110665612
0.05067238695155181
0.05120736993010133
0.0478250593271359
0.04948752448990067
0.049657622209435516
0.05090468184589602
0.04849408579157443
0.04954182216461157
0.05021025950622649
0.04959139977621038
0.04907682649751263
0.0493782870726065
0.04735617352381093
0.04875365683184673
0.04907420528179933
0.05158725034656308
0.050079439588631196
0.04944813696602465
0.048279999322315414
0.04781133332962976
0.049066604169620574
0.05046226782348226
0.05140667178666434
0.04531085350914758
0.04791358098319809
0.049476046448317976
0.05005927828261537
0.04968300138680038
0.04988228061834288
0.0495016738314934
0.0496215758661982
0.04885841794928774
0.04849518054935118
0.04894407184063533
0.04928087937759355
0.05143922752449008
0.049237692776215855
0.04468689191009869
0.04441917183710174
0.04935545974299713
0.049085405286153
0.04912987032078823
0.046910507119855616
0.04765371397712121
0.04726016224802135
0.048298312027039825
0.05006274274226894
0.049206551936875696
0.05027376983326302
0.04896256075113362
0.049234977545425454
0.05010900891163816
0.04904700112828441
0.04972631133662163
0.04894758647813195
0.050824934737945665
0.04961381834858219
0.0499916960597029
0.04834130756283329
0.04874661806340658
0.04951417731303283
0.05047896135757859
0.05214269609870903
0.05151391302613227
0.0468220194518015
0.04566382476671513
0.04903074400302436
0.048414902513393296
0.050314396616221495
0.051744402234921535
0.04864040197274701
0.04756654752901709
0.04972240964286645
0.049883969077101666
0.05008860273537621
0.05136145769396204
0.04885174799127348
nan
nan
0.048803660070538
0.04901084611440444
0.0495602478327329
0.050687385609703775
0.04964300029128496
0.05087277815838962
0.050727541758186064
0.05185552175398118
0.0512116347613949
0.05152529753671167
0.05120897452918177
0.049274825790953845
0.050639979452375326
0.05057787131443418
0.0504226669130981
0.050632244570623645
0.05040719537006133
0.050603270441296026
0.050284204222042876
0.049645866905698416
0.04988219579775442
0.04992207188349237
0.051504323987533955
0.04961960828078243
0.05028618509113238
0.051572095871364854
0.05098417487016285
0.05075629769673197
0.05242587141593949
0.051174054197039846
0.051406542693159835
0.049039863903601
0.05039092363832096
0.05016072883378236
0.05032468319815887
0.052485144106389964
0.050227109501305406
0.04887787165078552
0.04943161737603424
0.04950456028703446
0.049711265550904486
0.051601776094441464
0.05030208512554373
0.05143026748123519
0.05041095328152413
0.050460090074248364
0.049376698485708616
0.051185461193213974
0.05155153900724944
0.04731388288427894
0.04871134072987742
0.049407860442996124
0.04806441786822063
0.05021357391988593
0.05072930767145142
0.05076980621524656
0.0497489134828796
0.05047332573360575
0.04995283730636575
0.049561099451314615
0.0501877907898371
0.04994607304281241
0.04844044396488877
0.04935256875301083
0.05041650270772969
0.049867614086212306
0.05097218411181711
0.051869982324672395
0.05012729672157943
0.04897458291903127
0.04889580300916121
0.04901168704219757
0.04882783714788888
0.050160825606725516
0.05097422959062288
0.04982592983557395
0.049895235460289664
0.050293327215913584
0.048893355096017194
0.04891178445015048
0.04998428937530648
0.051652203658227896
0.050791331176364536
0.05029616326870476
0.05047361060600649
0.04989396947078359
0.051010889016697245
0.05126016432483163
0.048287440756155854
0.04887872063790494
0.04862362258180332
0.04937378258041196
0.04966802733528144
0.04951761854601092
0.05198988800206832
0.04671745595275975
0.049981018262516795
0.05117236698293843
0.04658114936038229
0.04379867485811774
0.05051380064132991
0.049904249142134684
0.04791018368994691
0.04847894270684364
0.04649986109734588
0.040078412018016485
0.04855519502177785
0.05058914690737577
0.049800708702268874
0.049346703568052805
0.05041041287118732
0.04932247024533133
0.04840122067870423
0.04577130666842152
0.051315338429287274
0.026755516819158883
0.031372368318690176
0.051344846607032396
0.0478332644156531
0.04423699229327657
0.04171115417463904
0.05113568144436205
0.046781669223407665
0.05154422408557778
0.05084461257194999
0.04853718972175968
0.04979258783995947
0.0490729212954796
0.05070737507725272
0.04345812787260377
0.04630833234235446
0.04641687865094383
0.04780832223365565
0.049898358958402556
0.04598778533142033
0.051356743588303
0.04831122900081794
0.0471093122126348
0.049205028524700066
0.04942418676756596
0.048487886135032916
0.04809044788163611
0.05106543039498885
0.04844822007457566
0.05112891844103941
0.042355577640735345
0.04153098454005794
0.048843677910851604
0.05007910000821455
0.050711579770310496
0.04680591707211755
0.04938902821416528
0.050226575526316396
0.049302602979766845
nan
nan
0.05090720216290532
0.046984831683224
0.04970822561980406
0.04573849436163435
0.04766269887879636
0.05126840788402765
0.05178470454766244
0.051105957549900674
0.04508387203426709
0.04699584665487267
0.04997491477582823
0.048801966213056346
0.04789962073316292
0.049888076208931535
0.05162660241692942
0.0489878284181874
0.050287427196220084
0.05043988005137841
0.049581675147526816
0.049762534818786036
0.050918051919679075
0.05248502237206383
0.049165488000800325
0.04879629309388955
0.05061382482367046
0.04938770095359764
0.04900974101578597
0.050777061505160884
0.05188910678592991
0.05067794863153106
0.05110640466988465
0.05024770050535388
0.050384183908317746
0.05045956305150424
0.051984069515128906
0.0515293603723943
0.05163864043218188
0.05032979455072639
0.04806478809636186
0.04915381969971012
0.05072499128704057
0.05051355716915792
0.04897250400066229
0.049471243570079086
0.050643693119305874
0.05093758732394621
0.051692086196840834
0.0498832442702284
0.04858160438035069
0.0480574828927119
0.049677300503395805
0.0494506736706359
0.048833310284474796
0.050374842160276254
0.0486562350825908
0.04763333188528063
0.049683554801522645
0.04948999427397923
0.04760761118331312
0.04772641754321832
0.05125351874304931
0.04999879196094058
0.04927774990979796
0.04889548379209287
0.05087323824797177
0.05030497301911067
0.05158909134199289
0.05069967459711604
0.049333794735455114
0.049985505146027245
0.04688376600032463
0.049661710523721876
0.04798577225257165
0.04717375230483805
0.050278182563339074
0.04846200857959511
nan
nan
0.03786415195372521
0.05095239259946996
0.050601425317351054
0.04999411390381329
0.05091384636084843
0.05135301770511237
0.05057166244474754
0.050369812145350634
0.05066672035266636
0.052751242975396295
0.050925200276300375
0.051105859548565426
0.05110621059880811
0.05288064196456169
0.051065326873665044
0.05002094153432956
0.05082846463033201
0.051178419567364394
0.05031445095550763
0.050560464322388476
0.04894451170392819
0.04939502614646563
0.049529447833936605
0.050580374140560456
0.05145090539612178
0.050845090746977864
0.051568377707664426
0.051699535828940595
0.05131610276409996
0.05148262583184553
0.05099970666084218
0.0507847922923241
0.050426488211263595
0.05000454222022506
0.05050898261763673
0.05161169174426982
0.050701717481242574
0.05142850667193852
0.05150489442011594
0.051078206319138654
0.050564331229520545
0.05145270700749365
0.05203817274923821
0.05233809994764887
0.051389185150888056
0.05066213261558108
0.05171022333166174
0.05133797164272395
0.05117230774723993
0.05118002640272915
0.05098310423968059
0.05089172675501293
