0.05139165147530914
0.050543263380516165
0.049960619963264154
0.0511691925437574
0.050075530458329916
0.049332336593343254
0.049642113525958695
0.05072437809574585
0.04973136475118707
0.05083743227975818
0.04960926261623291
0.050727709386359454
0.05095804832694897
0.05114440461340246
0.05160929625187229
0.05106935624365407
0.0514720332396603
0.05019617946497235
0.05078005679033576
0.05180507712462952
0.05063324737769734
0.051547363378349774
0.05079083781179059
0.05018084648694859
0.05090887503254711
0.05009504642821208
0.05037967109594433
0.05065171856753392
0.051876255267081825
0.05101293672064248
0.04959952915924339
0.049569108164703626
0.050364868279952436
0.049906811998441165
0.05110873030105994
0.051067015659559796
0.050922909179913906
0.05115283969325369
0.05117260081854804
0.050879152187865984
0.05026647871021691
0.0507954935255577
0.04984274283692879
0.050510538491453816
0.05148843683383732
0.049765293904647186
0.05024785890224888
0.05074045776391113
0.05046872297304102
0.050868110829977865
0.05106312093386369
0.05118301483344427
0.051542930168652544
0.05149566408453853
0.05020699541638123
0.050879922285429265
0.051349842996425595
0.051352040275589775
0.050396934732094056
0.051514811165764306
0.051134779243075655
0.05162317165605216
0.05094712555572957
0.05063854333161734
0.051231962808251284
0.05152054145060584
0.05076445961456263
0.05132424170303091
0.05170952045654635
0.05007382702902679
0.050320409649807774
0.05119645748831841
0.050371589880663835
0.05198826964026075
0.05080596470246225
0.05033069734846406
0.051255043275086135
0.05118082178835238
0.052116982105664574
0.05177865276619679
0.05112104773607357
0.05070011526068644
0.05087025175132425
0.05092656777099224
0.05043918516111463
0.05093136431432365
0.051180998037657986
0.0519856192288132
0.05070477194048971
0.050353673798895354
0.05015167915859884
0.04973142880333254
0.04995165977642701
0.0508315514741934
0.05033254881337435
0.05045930567502902
0.05055713536836884
0.05142205822993008
0.05044787113986752
0.05021974141286028
0.050059607100451056
0.050667067035887185
0.0518262948768669
0.05063309770400884
0.050505092237248805
0.050635021883963155
0.051149949212180156
0.0499097146363489
0.050749128104292655
0.05105162840008642
0.05064475234756715
0.050669719434242554
0.050910098229675495
0.050401536643928074
0.050345774590734006
0.051041312100345
0.05043459444149477
0.04948262922406682
0.04979209605083367
0.049975594389474735
0.05095543267280232
0.05002618309760285
0.05077866988602863
0.04955375144059435
0.050498304544514254
0.05069107055089648
0.05072359955094179
0.05056991839093857
0.05000280678939257
0.05027204306596489
0.05028996596930134
0.05022382415275632
0.051647775421928804
0.049664806527304255
0.04989798539589179
0.050249592244180304
0.05082484352236787
0.05168168772211787
0.05031939467170605
0.05115990091230919
0.04991488851099119
0.050167288224945664
0.05097392334538493
0.049982136705438704
0.04950623197550259
0.049967267877110116
0.05008732239424187
0.049781263108575474
0.05021725851787978
0.050904517433581264
0.04944270772036608
0.04895417822979152
0.04964674679765549
0.050749394517049934
0.050381141057399645
0.05033304741717879
0.05176407178476782
0.050428288102003394
0.050569812655017296
0.04989437951335959
0.05050090422279105
0.05050153450540989
0.05044337378948213
0.049788978415745554
0.050222558309499676
0.049656589524065035
0.05229745273788746
0.05073591026346134
0.04967697167778932
0.049632918920870475
0.04867581058142664
0.049632066444085875
0.049640395535833305
0.049286614906991474
0.051595540720742496
0.05104926824769097
0.04989661313146125
0.048430173255855975
0.049001075365073206
0.04975926232540871
0.050623017466790605
0.05140542216106335
0.049839151854778295
0.048597543581419066
0.05049286651822878
0.05005379220469572
0.049839347329997785
0.05099334985514402
0.04922389032775138
0.04936871471463176
0.04944713893861191
0.04939123887453147
0.0497568753613009
0.05027515476200417
0.04996460708553876
0.04931317189253592
0.04942949390579577
0.04906332941311845
0.04931707099835743
0.05021812267028114
0.05121591334080964
0.049436576058802854
0.04952347720552977
0.048987327509932226
0.05024017339801427
0.049867974355643135
0.04883810036174411
0.0498417681990457
0.04946593079619877
0.05119508286929034
0.05028493788974891
0.05020038061126382
0.05141302110293849
0.050532804212036014
0.05059600052049919
0.04916405480257906
0.049285224596055076
0.04930070343661111
0.050299663746572784
0.05009538303282691
0.050488781405936926
0.05114555010992772
0.04937558065167431
0.04990060111108441
0.05022296023749338
0.05080363376459674
0.04965949643399372
0.049386229258468924
0.04946895201450043
0.04834376735102689
0.048100883449337495
0.051066093633328986
0.04926352347120548
0.04984491001776264
0.050272261343223386
0.04952452465638393
0.0498006753721877
0.051184412875105154
0.050358213627276126
0.04831756523268401
0.04824609646539492
0.05009509188755941
0.050200748872468365
0.050124658677229754
0.05095822067677133
0.04948005809384272
0.049285746476445465
0.04927137448947093
0.049965315378479584
0.04838223791922359
0.047378401707607355
0.05128983097069473
0.04857143375188991
0.04904785073700083
0.04872221024428335
0.050159616964309026
0.04823044926421285
0.04832528706683758
0.05085948088284545
0.05051273254596066
0.048202064541808295
0.04845414317336116
0.0493916887441757
0.05021248753508067
0.04984611953634536
0.049192805810281084
0.04900551297516585
0.0488667544588527
0.04846791474500247
0.04890593227122967
0.050451298722028054
0.05001776333817847
0.0502266917793313
0.04926528767747743
0.050023175930218496
0.05055997816636515
0.05128815088662718
0.05041066358433657
0.049341296808554896
0.04892707079735924
0.049243322000356825
0.04774221838873851
0.047857432169573395
0.050008200378711676
0.05069135909271629
0.04920927557398575
0.04455262975540534
0.045790417071576245
0.05019105551658046
0.04939261690171902
0.04902144700271597
0.0509118574432575
0.049272069705140566
0.04635698375373684
0.046137897042041395
0.04830873096916676
0.04874523754132812
0.04970911456858935
0.0514390261953593
0.05002584370201395
0.05002303896671323
0.05028608416838939
0.04910889287259713
0.04924794008234011
0.05076784304419659
0.052058887241756405
0.051168938319196965
0.050451600769708865
0.04999171835654654
0.05012752694415734
0.048828217127589384
0.049853541406970805
0.051071765234682764
0.05203999871840972
0.04910930090030867
0.04965784761976808
0.050178105649701085
0.049051423215601055
0.05085072997351455
0.05077179573684426
0.050657356381510095
0.05011780058343601
0.05054824490272681
0.04990049701548268
0.04942268369052347
0.049856573803111405
0.05099549620750364
0.0513217609321147
0.04975145657451878
0.04987628379262799
0.04961740260907821
0.04969231439719727
0.050248939274977845
0.05038417123450711
0.04847111681474258
0.04802313102278864
0.049442761779857076
0.05007056120408852
0.048447986203761825
0.04980353948001552
0.04932254422975042
0.04941798285453862
0.05010682369339208
0.04796968829296183
0.04901704405690019
0.050829780695008736
0.0520991343550104
0.04973098332175239
0.048088105412653355
0.048283712258689694
0.04945524591329917
0.049671794540461
0.049837994382076437
0.050838312534225695
0.048506383718231884
0.05046800000120219
0.04876097151408138
0.04918255194227913
0.04971932687859924
0.05061668455606526
0.05066099327106482
0.049450343050623055
0.04938788914319909
0.0483389958082713
0.049704497975941155
0.04814464986234313
0.04971911303837369
0.04978179794441182
0.05064881149461614
0.049392655202883655
0.048794979023555146
0.04987233886522287
0.050794569802507135
0.04934433169766922
0.04977374649363963
0.04976669560798196
0.05054997264359759
0.049362906901681824
0.0496882209633575
0.0515527610897796
0.04656514271188748
0.04753743232175507
0.05076512478628997
0.04972725241905926
0.05001752763823459
0.050495858403780854
0.05112839533142799
0.04797366711208723
0.05059124420261829
0.04939473015856313
0.049212211962241355
0.04955641815979724
0.04953955714338082
0.05059350880061624
0.048564381123047354
0.04846753945721249
0.04811719307513629
0.046957765937774
0.04902959468344191
0.04859913291889279
0.05083365608015169
0.04944994953635273
0.04857461543359389
0.048593402947113916
0.04909083502632547
0.04818851846085546
0.04922684832572104
0.050965620423987196
0.045568351340203185
0.04734425232437408
0.04851334276272982
0.04852854735064433
0.04890823938385334
0.05014709935598106
0.04865961608393081
0.05071399713256297
0.048374087581490144
0.04737133239619583
0.04906901558567154
0.049299655473257493
0.05110949333796539
0.04858577438178411
0.04359681801828536
0.043926440457266874
0.04887438548142213
0.049564800842777396
0.04917426326030138
0.046920589704443294
0.04745422707274719
0.04811726247109348
0.04824111838914962
0.049696501989955434
0.0497763321907708
0.05088386381825885
0.04938033157451026
0.04832806369646663
0.049938727290939726
0.049101904037407905
0.048291112314782246
0.0481970515660016
0.051202667320481225
0.049701778092219005
0.05100758442572238
0.04924983786193189
0.04918611585067904
0.04728831262628002
0.04971364669414455
0.051609548201819726
0.05103350225998077
0.04626950122823372
0.0453578316539692
0.0497136883406355
0.04823186294428883
0.0500501393104517
0.05213315141222905
0.04745195193101001
0.04809829681199545
0.04852792731962102
0.04867106380422421
0.049527043620737635
0.051587798338673066
0.048272844713061605
nan
nan
0.04837541930920546
0.048695625828853006
0.05048478564446159
0.05132188752786618
0.04953923628997573
0.04948859277022521
0.04954455466090345
0.05141267942706661
0.05000702070256768
0.051107560097915804
0.04984091492578702
0.04964521109209415
0.04973962835985532
0.05090412766117326
0.05007462830655755
0.05141499853861931
0.05093263789184762
0.05065356184517017
0.049511534610349205
0.05027371328621583
0.050373139876473925
0.04977264021273418
0.05133460808376711
0.050577022614787776
0.05014900325992386
0.04980537776979704
0.050560388287721504
0.050915986476212066
0.051951751150600634
0.05058436152667098
0.04922999317835882
0.04925525439973363
0.04977919981385338
0.0498834850311782
0.05065804930175527
0.04996786818321726
0.050023131551845665
0.04773040752165663
0.04818045530838245
0.048587064829249696
0.05100670552452914
0.05132159207926075
0.05082025694605914
0.049882030746049404
0.050394296156094705
0.05029903699336445
0.049101673081108035
0.050038528440517274
0.05183858142545768
0.046584833756451935
0.04829291013773942
0.048416043134335285
0.04812144173673765
0.05021946518712857
0.04989857630972512
0.0499031026793257
0.04876406579108601
0.04962764750889574
0.0496358835939923
0.04962354183335438
0.049818560854138084
0.05027489852669485
0.04912049305891801
0.0496621255893296
0.050391475229775565
0.05017451445446341
0.049861141735616926
0.052127821229625435
0.04949016270010111
0.047762334862310026
0.04799162016527802
0.04833226187242733
0.04821758036530134
0.050914928157379066
0.05043025216135381
0.049784342885171674
0.04949459829089801
0.04935295519473173
0.04837648567354813
0.048961815578603005
0.050043387097026236
0.05137116322103694
0.04927335250461842
0.04919302982825179
0.04986704870677501
0.05015513415885622
0.050319793828617725
0.0506032308856544
0.04743381170808344
0.04870519130501466
0.04826178295346314
0.04954251891267795
0.05004084098776247
0.049184963654819655
0.05031944493720968
0.04665693991175271
0.04906062645540591
0.05045965059594452
0.04614884073416195
0.04321243204426999
0.049005210435192514
0.04875253613820526
0.047511841163600944
0.04785725459422973
0.04533035082736734
0.04068748800717098
0.04783257109603249
0.05103283820639935
0.04907193470972282
0.04840476656007516
0.047745053899374244
0.04939912206533268
0.04786784542665116
0.04639293083753932
0.05177988639950476
0.026673631829979987
0.031051317094379832
0.04986011016952893
0.04768133830791352
0.04352308491128716
0.04127452160533478
0.050917726006011604
0.04727379166513205
0.04968396643797158
0.04920221715832657
0.047993933167895485
0.048260615643727744
0.049356023861816326
0.050099047230179786
0.04237147016079304
0.04634983821020769
0.045301597264602506
0.04750911360867008
0.048187661457000826
0.045880553297753604
0.050285852915322116
0.04785890787085532
0.04794039623402952
0.048380300254032914
0.04941792566042631
0.04777578030671046
0.047909053048939214
0.05126151894084114
0.04811379702393386
0.04992464964581924
0.04142709102581747
0.041805481379330545
0.04761688420889724
0.05017772055130266
0.05113541002099818
0.0458676934504828
0.04925880657153321
0.04940728625489542
0.04886126795079109
nan
nan
0.051083871634712466
0.04739422295229125
0.04952440292461606
0.04567500736724586
0.047350101300590454
0.05120500182936265
0.05160609955165566
0.05007778938809542
0.04522880901525093
0.04551885804854706
0.047743644187555896
0.047110124921597156
0.04743491151324108
0.05017448838092342
0.05062534871595795
0.04852605654970832
0.05047097466364543
0.049069101748459625
0.049666520757965085
0.04870109102472209
0.050249650828443265
0.05141963685625119
0.04933912454401744
0.04790512969757576
0.04980351556151207
0.04800366807034974
0.04840360481991637
0.050142842713390555
0.051078206319138654
0.04995002026334387
0.0504442006850776
0.0496188144133848
0.04930859367459425
0.05021218956338417
0.05052315018197731
0.05070207509166097
0.05068797643815221
0.048808417772793385
0.047516264079570145
0.04994989628471905
0.05075793306483264
0.049606907006203065
0.04878287641817376
0.04973812084506966
0.05061401092406852
0.04976592766368283
0.050900803786065076
0.04995973338768885
0.04639409799305476
0.04649375856424302
0.048958457723965274
0.04965072845205623
0.04929667206965429
0.05045679190858594
0.04811816812055096
0.046966720054741194
0.04940149006427823
0.04859551929465037
0.04760622469183088
0.04765168123436823
0.05024007217172031
0.05025496133913047
0.04915748919442581
0.0487513789669794
0.05018564697096518
0.04927546824521283
0.050157922997388006
0.051994640243585674
0.04940061232151565
0.05095821709802416
0.0467915593191979
0.04891232989859268
0.0480172459980731
0.04665123817321489
0.050169404636327054
0.047558132944079894
nan
nan
0.03794802227199417
0.050583710404703046
0.050473523209131246
0.04973622529514383
0.05113679041473171
0.05076697135665126
0.05078321321730693
0.0504503511451352
0.050583390276645296
0.05105352501667688
0.05063638818367435
0.05107177177690108
0.05157147037001424
0.051623947651912194
0.051218568953964476
0.050303944717225275
0.0502619322165021
0.05022455110726697
0.05055226839124622
0.05086906644247528
0.04845828444226345
0.049369510476891816
0.050519789528286445
0.04991320999394481
0.051633004349193996
0.05077257090479859
0.05176089867118535
0.05193015343553961
0.0512730511978078
0.051355333358074864
0.050066607804321914
0.050522301854578205
0.05087663721991586
0.04977846156336418
0.04982483254426726
0.05090205683521109
0.05169155225641962
0.0505880347546213
0.05080562673621193
0.05113531472894441
0.05150489442011594
0.05187982062690032
0.0518901646809207
0.05173262737922804
0.051971357063365836
0.051361457693962026
0.05119016460010136
0.051725946277075815
0.050678267631807994
0.051521290917395116
0.05085892737299645
0.051567861401892304
